F|2022-08-26|54
C|541|102026|04|precio9|0.00|0.0000|0.00|0.00|0.00|0|GENERADO|2022-08-26|54|0|0|0.0000
C|541|1011633|04|precio9|0.00|0.0000|0.00|0.00|0.00|0|GENERADO|2022-08-26|54|0|0|0.0000
C|542020585|1011633|04|precio9|31.92|0.0000|31.92|5.75|37.67|6|GENERADO|2022-08-26|54|0|0|0.0000
C|542020586|1011633|04|precio9|0.00|0.0000|0.00|0.00|0.00|0|GENERADO|2022-08-26|54|0|0|0.0000
C|542020587|1011633|04|precio9|0.00|0.0000|0.00|0.00|0.00|0|GENERADO|2022-08-26|54|0|0|0.0000
C|542020588|102026|04|precio9|1563.40|0.0000|1563.40|281.41|1844.81|1|GENERADO|2022-08-26|54|0|0|0.0000
C|542020589|1012086|04|precio9|3828.78|0.0000|3828.78|689.18|4517.96|10|GENERADO|2022-08-26|54|0|0|0.0000
C|542020590|101960|04|precio9|1801.05|0.0000|1801.05|324.19|2125.24|1|GENERADO|2022-08-26|54|0|0|0.0000
D|542020585|10010012|3|5.3200|15.9600
D|542020585|10010013|3|5.3200|15.9600
D|542020586|10273011|1|7.5600|7.5600
D|542020586|10273012|1|7.5600|7.5600
D|542020586|10273013|1|7.5600|7.5600
D|542020586|10253011|1|7.3800|7.3800
D|542020586|10253012|1|7.3800|7.3800
D|542020586|10253013|1|7.3800|7.3800
D|542020587|10273011|1|7.5600|7.5600
D|542020587|10273012|1|7.5600|7.5600
D|542020587|10273013|1|7.5600|7.5600
D|542020587|10010011|1|5.3200|5.3200
D|542020587|10010012|1|5.3200|5.3200
D|542020587|10010013|1|5.3200|5.3200
D|542020588|10185011|2|6.9400|13.8800
D|542020588|10185012|2|6.9400|13.8800
D|542020588|10185013|2|6.9400|13.8800
D|542020588|10185041|2|6.9400|13.8800
D|542020588|10185042|2|6.9400|13.8800
D|542020588|10185043|2|6.9400|13.8800
D|542020588|10185091|2|6.9400|13.8800
D|542020588|10185092|2|6.9400|13.8800
D|542020588|10185093|2|6.9400|13.8800
D|542020588|10185121|2|6.9400|13.8800
D|542020588|10185122|2|6.9400|13.8800
D|542020588|10185123|2|6.9400|13.8800
D|542020588|10217563|3|6.6000|19.8000
D|542020588|10217643|3|6.6000|19.8000
D|542020588|10217653|3|6.6000|19.8000
D|542020588|10217663|3|6.6000|19.8000
D|542020588|10231013|4|14.9400|59.7600
D|542020588|10231014|4|14.9400|59.7600
D|542020588|10231033|4|14.9400|59.7600
D|542020588|10231034|4|14.9400|59.7600
D|542020588|10231623|4|14.9400|59.7600
D|542020588|10231624|4|14.9400|59.7600
D|542020588|10273011|2|7.5600|15.1200
D|542020588|10273012|2|7.5600|15.1200
D|542020588|10273013|2|7.5600|15.1200
D|542020588|10273031|2|7.5600|15.1200
D|542020588|10273032|2|7.5600|15.1200
D|542020588|10273033|2|7.5600|15.1200
D|542020588|10273041|2|7.5600|15.1200
D|542020588|10273042|2|7.5600|15.1200
D|542020588|10273043|2|7.5600|15.1200
D|542020588|10273431|2|7.5600|15.1200
D|542020588|10273432|2|7.5600|15.1200
D|542020588|10273433|2|7.5600|15.1200
D|542020588|10298012|3|7.9200|23.7600
D|542020588|10298013|3|7.9200|23.7600
D|542020588|10298032|3|7.9200|23.7600
D|542020588|10298033|3|7.9200|23.7600
D|542020588|10298552|3|7.9200|23.7600
D|542020588|10298553|3|7.9200|23.7600
D|542020588|10298812|3|7.9200|23.7600
D|542020588|10298813|3|7.9200|23.7600
D|542020588|10314031|3|8.1360|24.4100
D|542020588|10314032|3|8.1360|24.4100
D|542020588|10314121|3|8.1360|24.4100
D|542020588|10314122|3|8.1360|24.4100
D|542020588|10314601|3|8.1360|24.4100
D|542020588|10314602|3|8.1360|24.4100
D|542020588|10314801|3|8.1360|24.4100
D|542020588|10314802|3|8.1360|24.4100
D|542020588|10318011|2|9.4600|18.9200
D|542020588|10318012|2|9.4600|18.9200
D|542020588|10318013|2|9.4600|18.9200
D|542020588|10318091|2|9.4600|18.9200
D|542020588|10318092|2|9.4600|18.9200
D|542020588|10318093|2|9.4600|18.9200
D|542020588|10318621|2|9.4600|18.9200
D|542020588|10318622|2|9.4600|18.9200
D|542020588|10318623|2|9.4600|18.9200
D|542020588|10319012|2|9.2500|18.5000
D|542020588|10319013|2|9.2500|18.5000
D|542020588|10319014|2|9.2500|18.5000
D|542020588|10319032|2|9.2500|18.5000
D|542020588|10319033|2|9.2500|18.5000
D|542020588|10319034|2|9.2500|18.5000
D|542020588|10319432|2|9.2500|18.5000
D|542020588|10319433|2|9.2500|18.5000
D|542020588|10319434|2|9.2500|18.5000
D|542020588|10319802|2|9.2500|18.5000
D|542020588|10319803|2|9.2500|18.5000
D|542020588|10319804|2|9.2500|18.5000
D|542020589|10012011|2|6.3400|12.6800
D|542020589|10012012|2|6.3400|12.6800
D|542020589|10012013|2|6.3400|12.6800
D|542020589|10012021|2|6.3400|12.6800
D|542020589|10012022|2|6.3400|12.6800
D|542020589|10012023|2|6.3400|12.6800
D|542020589|10012031|2|6.3400|12.6800
D|542020589|10012032|2|6.3400|12.6800
D|542020589|10012033|2|6.3400|12.6800
D|542020589|10012101|2|6.3400|12.6800
D|542020589|10012102|2|6.3400|12.6800
D|542020589|10012103|2|6.3400|12.6800
D|542020589|10012221|2|6.3400|12.6800
D|542020589|10012222|2|6.3400|12.6800
D|542020589|10012223|2|6.3400|12.6800
D|542020589|10012431|2|6.3400|12.6800
D|542020589|10012432|2|6.3400|12.6800
D|542020589|10012433|2|6.3400|12.6800
D|542020589|10026011|2|5.1300|10.2600
D|542020589|10026012|2|5.1300|10.2600
D|542020589|10026013|2|5.1300|10.2600
D|542020589|10026021|2|5.1300|10.2600
D|542020589|10026022|2|5.1300|10.2600
D|542020589|10026023|2|5.1300|10.2600
D|542020589|10026031|2|5.1300|10.2600
D|542020589|10026032|2|5.1300|10.2600
D|542020589|10026033|2|5.1300|10.2600
D|542020589|10026051|2|5.1300|10.2600
D|542020589|10026052|2|5.1300|10.2600
D|542020589|10026053|2|5.1300|10.2600
D|542020589|10026071|2|5.1300|10.2600
D|542020589|10026072|2|5.1300|10.2600
D|542020589|10026073|2|5.1300|10.2600
D|542020589|10026101|2|5.1300|10.2600
D|542020589|10026102|2|5.1300|10.2600
D|542020589|10026103|2|5.1300|10.2600
D|542020589|10026221|2|5.1300|10.2600
D|542020589|10026222|2|5.1300|10.2600
D|542020589|10026223|2|5.1300|10.2600
D|542020589|10026261|2|5.1300|10.2600
D|542020589|10026262|2|5.1300|10.2600
D|542020589|10026263|2|5.1300|10.2600
D|542020589|10026801|2|5.1300|10.2600
D|542020589|10026802|2|5.1300|10.2600
D|542020589|10026803|2|5.1300|10.2600
D|542020589|10029011|2|7.3400|14.6800
D|542020589|10029012|2|7.3400|14.6800
D|542020589|10029013|2|7.3400|14.6800
D|542020589|10029014|2|7.3400|14.6800
D|542020589|10029021|2|7.3400|14.6800
D|542020589|10029022|2|7.3400|14.6800
D|542020589|10029023|2|7.3400|14.6800
D|542020589|10029024|2|7.3400|14.6800
D|542020589|10029031|2|7.3400|14.6800
D|542020589|10029032|2|7.3400|14.6800
D|542020589|10029033|2|7.3400|14.6800
D|542020589|10029034|2|7.3400|14.6800
D|542020589|10029091|2|7.3400|14.6800
D|542020589|10029092|2|7.3400|14.6800
D|542020589|10029093|2|7.3400|14.6800
D|542020589|10029094|2|7.3400|14.6800
D|542020589|10040011|2|6.4400|12.8800
D|542020589|10040012|2|6.4400|12.8800
D|542020589|10040031|2|6.4400|12.8800
D|542020589|10040032|2|6.4400|12.8800
D|542020589|10040071|2|6.4400|12.8800
D|542020589|10040072|2|6.4400|12.8800
D|542020589|10040101|2|6.4400|12.8800
D|542020589|10040102|2|6.4400|12.8800
D|542020589|10040221|2|6.4400|12.8800
D|542020589|10040222|2|6.4400|12.8800
D|542020589|10040261|2|6.4400|12.8800
D|542020589|10040262|2|6.4400|12.8800
D|542020589|10040801|2|6.4400|12.8800
D|542020589|10040802|2|6.4400|12.8800
D|542020589|10041011|2|6.2300|12.4600
D|542020589|10041012|2|6.2300|12.4600
D|542020589|10041021|2|6.2300|12.4600
D|542020589|10041022|2|6.2300|12.4600
D|542020589|10041031|2|6.2300|12.4600
D|542020589|10041032|2|6.2300|12.4600
D|542020589|10041091|2|6.2300|12.4600
D|542020589|10041092|2|6.2300|12.4600
D|542020589|10041101|2|6.2300|12.4600
D|542020589|10041102|2|6.2300|12.4600
D|542020589|10041801|2|6.2300|12.4600
D|542020589|10041802|2|6.2300|12.4600
D|542020589|10045011|2|8.2400|16.4800
D|542020589|10045012|2|8.2400|16.4800
D|542020589|10045013|2|8.2400|16.4800
D|542020589|10045031|2|8.2400|16.4800
D|542020589|10045032|2|8.2400|16.4800
D|542020589|10045033|2|8.2400|16.4800
D|542020589|10045211|2|8.2400|16.4800
D|542020589|10045212|2|8.2400|16.4800
D|542020589|10045213|2|8.2400|16.4800
D|542020589|10045551|2|8.2400|16.4800
D|542020589|10045552|2|8.2400|16.4800
D|542020589|10045553|2|8.2400|16.4800
D|542020589|10045801|2|8.2400|16.4800
D|542020589|10045802|2|8.2400|16.4800
D|542020589|10045803|2|8.2400|16.4800
D|542020589|10057011|2|6.0300|12.0600
D|542020589|10057012|2|6.0300|12.0600
D|542020589|10057013|2|6.0300|12.0600
D|542020589|10057031|2|6.0300|12.0600
D|542020589|10057032|2|6.0300|12.0600
D|542020589|10057033|2|6.0300|12.0600
D|542020589|10057051|2|6.0300|12.0600
D|542020589|10057052|2|6.0300|12.0600
D|542020589|10057053|2|6.0300|12.0600
D|542020589|10057221|2|6.0300|12.0600
D|542020589|10057222|2|6.0300|12.0600
D|542020589|10057223|2|6.0300|12.0600
D|542020589|10057261|2|6.0300|12.0600
D|542020589|10057262|2|6.0300|12.0600
D|542020589|10057263|2|6.0300|12.0600
D|542020589|10061012|2|6.2300|12.4600
D|542020589|10061032|2|6.2300|12.4600
D|542020589|10061052|2|6.2300|12.4600
D|542020589|10061072|2|6.2300|12.4600
D|542020589|10061222|2|6.2300|12.4600
D|542020589|10061232|2|6.2300|12.4600
D|542020589|10061262|2|6.2300|12.4600
D|542020589|10064011|2|6.2300|12.4600
D|542020589|10064012|2|6.2300|12.4600
D|542020589|10064031|2|6.2300|12.4600
D|542020589|10064032|2|6.2300|12.4600
D|542020589|10064101|2|6.2300|12.4600
D|542020589|10064102|2|6.2300|12.4600
D|542020589|10064221|2|6.2300|12.4600
D|542020589|10064222|2|6.2300|12.4600
D|542020589|10064261|2|6.2300|12.4600
D|542020589|10064262|2|6.2300|12.4600
D|542020589|10064621|2|6.2300|12.4600
D|542020589|10064622|2|6.2300|12.4600
D|542020589|10069011|2|7.6300|15.2600
D|542020589|10069012|2|7.6300|15.2600
D|542020589|10069013|2|7.6300|15.2600
D|542020589|10069031|2|7.6300|15.2600
D|542020589|10069032|2|7.6300|15.2600
D|542020589|10069033|2|7.6300|15.2600
D|542020589|10069211|2|7.6300|15.2600
D|542020589|10069212|2|7.6300|15.2600
D|542020589|10069213|2|7.6300|15.2600
D|542020589|10069221|2|7.6300|15.2600
D|542020589|10069222|2|7.6300|15.2600
D|542020589|10069223|2|7.6300|15.2600
D|542020589|10069261|2|7.6300|15.2600
D|542020589|10069262|2|7.6300|15.2600
D|542020589|10069263|2|7.6300|15.2600
D|542020589|10185011|2|6.9400|13.8800
D|542020589|10185012|2|6.9400|13.8800
D|542020589|10185013|2|6.9400|13.8800
D|542020589|10185041|2|6.9400|13.8800
D|542020589|10185042|2|6.9400|13.8800
D|542020589|10185043|2|6.9400|13.8800
D|542020589|10185091|2|6.9400|13.8800
D|542020589|10185092|2|6.9400|13.8800
D|542020589|10185093|2|6.9400|13.8800
D|542020589|10185121|2|6.9400|13.8800
D|542020589|10185122|2|6.9400|13.8800
D|542020589|10185123|2|6.9400|13.8800
D|542020589|10188011|2|5.7100|11.4200
D|542020589|10188012|2|5.7100|11.4200
D|542020589|10188013|2|5.7100|11.4200
D|542020589|10188031|2|5.7100|11.4200
D|542020589|10188032|2|5.7100|11.4200
D|542020589|10188033|2|5.7100|11.4200
D|542020589|10188551|2|5.7100|11.4200
D|542020589|10188552|2|5.7100|11.4200
D|542020589|10188553|2|5.7100|11.4200
D|542020589|10188621|2|5.7100|11.4200
D|542020589|10188622|2|5.7100|11.4200
D|542020589|10188623|2|5.7100|11.4200
D|542020589|10188801|2|5.7100|11.4200
D|542020589|10188802|2|5.7100|11.4200
D|542020589|10188803|2|5.7100|11.4200
D|542020589|10197021|2|21.1700|42.3400
D|542020589|10197022|2|21.1700|42.3400
D|542020589|10197023|2|21.1700|42.3400
D|542020589|10197024|2|21.1700|42.3400
D|542020589|10197031|2|21.1700|42.3400
D|542020589|10197032|2|21.1700|42.3400
D|542020589|10197033|2|21.1700|42.3400
D|542020589|10197034|2|21.1700|42.3400
D|542020589|10200012|2|7.2100|14.4200
D|542020589|10200013|2|7.2100|14.4200
D|542020589|10200032|2|7.2100|14.4200
D|542020589|10200033|2|7.2100|14.4200
D|542020589|10200052|2|7.2100|14.4200
D|542020589|10200053|2|7.2100|14.4200
D|542020589|10200092|2|7.2100|14.4200
D|542020589|10200093|2|7.2100|14.4200
D|542020589|10200182|2|7.2100|14.4200
D|542020589|10200183|2|7.2100|14.4200
D|542020589|10200432|2|7.2100|14.4200
D|542020589|10200433|2|7.2100|14.4200
D|542020589|10201011|2|6.8500|13.7000
D|542020589|10201012|2|6.8500|13.7000
D|542020589|10201013|2|6.8500|13.7000
D|542020589|10201041|2|6.8500|13.7000
D|542020589|10201042|2|6.8500|13.7000
D|542020589|10201043|2|6.8500|13.7000
D|542020589|10201091|2|6.8500|13.7000
D|542020589|10201092|2|6.8500|13.7000
D|542020589|10201093|2|6.8500|13.7000
D|542020589|10201121|2|6.8500|13.7000
D|542020589|10201122|2|6.8500|13.7000
D|542020589|10201123|2|6.8500|13.7000
D|542020589|10203011|2|6.7500|13.5000
D|542020589|10203012|2|6.7500|13.5000
D|542020589|10203013|2|6.7500|13.5000
D|542020589|10203031|2|6.7500|13.5000
D|542020589|10203032|2|6.7500|13.5000
D|542020589|10203033|2|6.7500|13.5000
D|542020589|10203561|2|6.7500|13.5000
D|542020589|10203562|2|6.7500|13.5000
D|542020589|10203563|2|6.7500|13.5000
D|542020589|10203651|2|6.7500|13.5000
D|542020589|10203652|2|6.7500|13.5000
D|542020589|10203653|2|6.7500|13.5000
D|542020589|10203661|2|6.7500|13.5000
D|542020589|10203662|2|6.7500|13.5000
D|542020589|10203663|2|6.7500|13.5000
D|542020589|10273011|2|7.5600|15.1200
D|542020589|10273012|2|7.5600|15.1200
D|542020589|10273013|2|7.5600|15.1200
D|542020589|10273031|2|7.5600|15.1200
D|542020589|10273032|2|7.5600|15.1200
D|542020589|10273033|2|7.5600|15.1200
D|542020589|10273041|2|7.5600|15.1200
D|542020589|10273042|2|7.5600|15.1200
D|542020589|10273043|2|7.5600|15.1200
D|542020589|10273431|2|7.5600|15.1200
D|542020589|10273432|2|7.5600|15.1200
D|542020589|10273433|2|7.5600|15.1200
D|542020589|10298011|2|7.9200|15.8400
D|542020589|10298012|2|7.9200|15.8400
D|542020589|10298013|2|7.9200|15.8400
D|542020589|10298031|2|7.9200|15.8400
D|542020589|10298032|2|7.9200|15.8400
D|542020589|10298033|2|7.9200|15.8400
D|542020589|10298551|2|7.9200|15.8400
D|542020589|10298552|2|7.9200|15.8400
D|542020589|10298553|2|7.9200|15.8400
D|542020589|10298811|2|7.9200|15.8400
D|542020589|10298812|2|7.9200|15.8400
D|542020589|10298813|2|7.9200|15.8400
D|542020589|10302181|2|8.2700|16.5400
D|542020589|10302182|2|8.2700|16.5400
D|542020589|10302183|2|8.2700|16.5400
D|542020589|10302441|2|8.2700|16.5400
D|542020589|10302442|2|8.2700|16.5400
D|542020589|10302443|2|8.2700|16.5400
D|542020589|10302601|2|8.2700|16.5400
D|542020589|10302602|2|8.2700|16.5400
D|542020589|10302603|2|8.2700|16.5400
D|542020589|10306031|2|8.0100|16.0200
D|542020589|10306032|2|8.0100|16.0200
D|542020589|10306121|2|8.0100|16.0200
D|542020589|10306122|2|8.0100|16.0200
D|542020589|10306601|2|8.0100|16.0200
D|542020589|10306602|2|8.0100|16.0200
D|542020589|10306801|2|8.0100|16.0200
D|542020589|10306802|2|8.0100|16.0200
D|542020590|10026011|2|5.1300|10.2600
D|542020590|10026012|2|5.1300|10.2600
D|542020590|10026013|2|5.1300|10.2600
D|542020590|10026021|2|5.1300|10.2600
D|542020590|10026022|2|5.1300|10.2600
D|542020590|10026023|2|5.1300|10.2600
D|542020590|10026031|2|5.1300|10.2600
D|542020590|10026032|2|5.1300|10.2600
D|542020590|10026033|2|5.1300|10.2600
D|542020590|10026051|2|5.1300|10.2600
D|542020590|10026052|2|5.1300|10.2600
D|542020590|10026053|2|5.1300|10.2600
D|542020590|10026101|2|5.1300|10.2600
D|542020590|10026102|2|5.1300|10.2600
D|542020590|10026103|2|5.1300|10.2600
D|542020590|10026221|2|5.1300|10.2600
D|542020590|10026222|2|5.1300|10.2600
D|542020590|10026223|2|5.1300|10.2600
D|542020590|10026801|2|5.1300|10.2600
D|542020590|10026802|2|5.1300|10.2600
D|542020590|10026803|2|5.1300|10.2600
D|542020590|10057011|1|6.0300|6.0300
D|542020590|10057012|1|6.0300|6.0300
D|542020590|10057013|1|6.0300|6.0300
D|542020590|10057031|1|6.0300|6.0300
D|542020590|10057032|1|6.0300|6.0300
D|542020590|10057033|1|6.0300|6.0300
D|542020590|10057051|1|6.0300|6.0300
D|542020590|10057052|1|6.0300|6.0300
D|542020590|10057053|1|6.0300|6.0300
D|542020590|10057221|1|6.0300|6.0300
D|542020590|10057222|1|6.0300|6.0300
D|542020590|10057223|1|6.0300|6.0300
D|542020590|10057261|1|6.0300|6.0300
D|542020590|10057262|1|6.0300|6.0300
D|542020590|10057263|1|6.0300|6.0300
D|542020590|10140011|2|5.8300|11.6600
D|542020590|10140012|2|5.8300|11.6600
D|542020590|10140031|2|5.8300|11.6600
D|542020590|10140032|2|5.8300|11.6600
D|542020590|10140071|2|5.8300|11.6600
D|542020590|10140072|2|5.8300|11.6600
D|542020590|10140101|2|5.8300|11.6600
D|542020590|10140102|2|5.8300|11.6600
D|542020590|10140551|2|5.8300|11.6600
D|542020590|10140552|2|5.8300|11.6600
D|542020590|10140621|2|5.8300|11.6600
D|542020590|10140622|2|5.8300|11.6600
D|542020590|10197021|3|21.1700|63.5100
D|542020590|10197022|3|21.1700|63.5100
D|542020590|10197023|3|21.1700|63.5100
D|542020590|10197024|3|21.1700|63.5100
D|542020590|10197031|3|21.1700|63.5100
D|542020590|10197032|3|21.1700|63.5100
D|542020590|10197033|3|21.1700|63.5100
D|542020590|10197034|3|21.1700|63.5100
D|542020590|10200011|2|7.2100|14.4200
D|542020590|10200012|2|7.2100|14.4200
D|542020590|10200013|2|7.2100|14.4200
D|542020590|10200031|2|7.2100|14.4200
D|542020590|10200032|2|7.2100|14.4200
D|542020590|10200051|2|7.2100|14.4200
D|542020590|10200052|2|7.2100|14.4200
D|542020590|10200091|2|7.2100|14.4200
D|542020590|10200092|2|7.2100|14.4200
D|542020590|10200093|2|7.2100|14.4200
D|542020590|10200181|2|7.2100|14.4200
D|542020590|10200182|2|7.2100|14.4200
D|542020590|10200183|2|7.2100|14.4200
D|542020590|10200431|2|7.2100|14.4200
D|542020590|10200432|2|7.2100|14.4200
D|542020590|10225211|2|7.0300|14.0600
D|542020590|10225212|2|7.0300|14.0600
D|542020590|10225213|2|7.0300|14.0600
D|542020590|10225231|2|7.0300|14.0600
D|542020590|10225232|2|7.0300|14.0600
D|542020590|10225233|2|7.0300|14.0600
D|542020590|10225261|2|7.0300|14.0600
D|542020590|10225262|2|7.0300|14.0600
D|542020590|10225263|2|7.0300|14.0600
D|542020590|10225331|2|7.0300|14.0600
D|542020590|10225332|2|7.0300|14.0600
D|542020590|10225333|2|7.0300|14.0600
D|542020590|10273011|4|7.5600|30.2400
D|542020590|10273012|4|7.5600|30.2400
D|542020590|10273013|4|7.5600|30.2400
D|542020590|10273031|4|7.5600|30.2400
D|542020590|10273032|4|7.5600|30.2400
D|542020590|10273033|4|7.5600|30.2400
D|542020590|10273041|4|7.5600|30.2400
D|542020590|10273042|4|7.5600|30.2400
D|542020590|10273043|4|7.5600|30.2400
D|542020590|10273431|4|7.5600|30.2400
D|542020590|10273432|4|7.5600|30.2400
D|542020590|10273433|4|7.5600|30.2400
D|542020590|10296031|1|8.2700|8.2700
D|542020590|10296032|1|8.2700|8.2700
D|542020590|10296033|1|8.2700|8.2700
D|542020590|10296441|1|8.2700|8.2700
D|542020590|10296442|1|8.2700|8.2700
D|542020590|10296443|1|8.2700|8.2700
D|542020590|10296551|1|8.2700|8.2700
D|542020590|10296552|1|8.2700|8.2700
D|542020590|10296553|1|8.2700|8.2700
D|542020590|10296801|1|8.2700|8.2700
D|542020590|10296802|1|8.2700|8.2700
D|542020590|10296803|1|8.2700|8.2700