F|2022-05-12|53
C|532020455||05||0.00|0.0000|0.00|0.00|0.00|0|GENERADO|2022-05-12|53|0|0|0.0000
C|532020456||||0.00|0.0000|0.00|0.00|0.00|0|GENERADO|2022-05-12|53|0|0|0.0000
C|532020457|101711|05|precio9|6499.18|0.0000|6499.18|1169.85|7669.03|1|GENERADO|2022-05-12|53|0|0|0.0000
D|532020457|10062013|1|27.7400|27.7400
D|532020457|10062014|1|27.7400|27.7400
D|532020457|10062015|1|27.7400|27.7400
D|532020457|10062016|1|27.7400|27.7400
D|532020457|10062033|1|27.7400|27.7400
D|532020457|10062034|2|27.7400|55.4800
D|532020457|10062035|2|27.7400|55.4800
D|532020457|10062036|2|27.7400|55.4800
D|532020457|10062213|1|27.7400|27.7400
D|532020457|10062214|1|27.7400|27.7400
D|532020457|10062215|1|27.7400|27.7400
D|532020457|10062216|1|27.7400|27.7400
D|532020457|10062623|1|27.7400|27.7400
D|532020457|10062624|2|27.7400|55.4800
D|532020457|10062625|2|27.7400|55.4800
D|532020457|10062626|2|27.7400|55.4800
D|532020457|10069011|3|7.6300|22.8900
D|532020457|10069012|3|7.6300|22.8900
D|532020457|10069013|3|7.6300|22.8900
D|532020457|10069031|3|7.6300|22.8900
D|532020457|10069032|3|7.6300|22.8900
D|532020457|10069033|3|7.6300|22.8900
D|532020457|10069211|2|7.6300|15.2600
D|532020457|10069212|2|7.6300|15.2600
D|532020457|10069213|2|7.6300|15.2600
D|532020457|10069221|2|7.6300|15.2600
D|532020457|10069222|2|7.6300|15.2600
D|532020457|10069223|2|7.6300|15.2600
D|532020457|10069261|2|7.6300|15.2600
D|532020457|10069262|2|7.6300|15.2600
D|532020457|10069263|2|7.6300|15.2600
D|532020457|10089012|3|10.8600|32.5800
D|532020457|10089013|3|10.8600|32.5800
D|532020457|10089014|3|10.8600|32.5800
D|532020457|10089015|3|10.8600|32.5800
D|532020457|10089022|2|10.8600|21.7200
D|532020457|10089023|2|10.8600|21.7200
D|532020457|10089024|2|10.8600|21.7200
D|532020457|10089025|2|10.8600|21.7200
D|532020457|10089032|3|10.8600|32.5800
D|532020457|10089033|3|10.8600|32.5800
D|532020457|10089034|3|10.8600|32.5800
D|532020457|10089035|3|10.8600|32.5800
D|532020457|10089092|2|10.8600|21.7200
D|532020457|10089093|2|10.8600|21.7200
D|532020457|10089094|2|10.8600|21.7200
D|532020457|10089095|2|10.8600|21.7200
D|532020457|10089432|2|10.8600|21.7200
D|532020457|10089433|2|10.8600|21.7200
D|532020457|10089434|2|10.8600|21.7200
D|532020457|10089435|2|10.8600|21.7200
D|532020457|10165015|1|46.6100|46.6100
D|532020457|10165016|1|46.6100|46.6100
D|532020457|10165035|1|46.6100|46.6100
D|532020457|10165036|1|46.6100|46.6100
D|532020457|10188011|3|5.7100|17.1300
D|532020457|10188012|3|5.7100|17.1300
D|532020457|10188013|3|5.7100|17.1300
D|532020457|10188014|3|5.7100|17.1300
D|532020457|10188031|3|5.7100|17.1300
D|532020457|10188032|3|5.7100|17.1300
D|532020457|10188033|3|5.7100|17.1300
D|532020457|10188034|3|5.7100|17.1300
D|532020457|10188551|2|5.7100|11.4200
D|532020457|10188552|2|5.7100|11.4200
D|532020457|10188553|2|5.7100|11.4200
D|532020457|10188554|2|5.7100|11.4200
D|532020457|10188621|2|5.7100|11.4200
D|532020457|10188622|2|5.7100|11.4200
D|532020457|10188623|2|5.7100|11.4200
D|532020457|10188624|2|5.7100|11.4200
D|532020457|10188801|2|5.7100|11.4200
D|532020457|10188802|2|5.7100|11.4200
D|532020457|10188803|2|5.7100|11.4200
D|532020457|10188804|2|5.7100|11.4200
D|532020457|10200011|2|7.2100|14.4200
D|532020457|10200012|2|7.2100|14.4200
D|532020457|10200013|2|7.2100|14.4200
D|532020457|10200031|2|7.2100|14.4200
D|532020457|10200032|2|7.2100|14.4200
D|532020457|10200033|2|7.2100|14.4200
D|532020457|10200051|2|7.2100|14.4200
D|532020457|10200052|2|7.2100|14.4200
D|532020457|10200053|2|7.2100|14.4200
D|532020457|10200091|2|7.2100|14.4200
D|532020457|10200092|2|7.2100|14.4200
D|532020457|10200093|2|7.2100|14.4200
D|532020457|10200181|2|7.2100|14.4200
D|532020457|10200182|2|7.2100|14.4200
D|532020457|10200183|2|7.2100|14.4200
D|532020457|10200431|2|7.2100|14.4200
D|532020457|10200432|2|7.2100|14.4200
D|532020457|10200433|2|7.2100|14.4200
D|532020457|10203011|3|6.7500|20.2500
D|532020457|10203012|3|6.7500|20.2500
D|532020457|10203013|3|6.7500|20.2500
D|532020457|10203031|3|6.7500|20.2500
D|532020457|10203032|3|6.7500|20.2500
D|532020457|10203033|3|6.7500|20.2500
D|532020457|10203561|3|6.7500|20.2500
D|532020457|10203562|3|6.7500|20.2500
D|532020457|10203563|3|6.7500|20.2500
D|532020457|10203661|3|6.7500|20.2500
D|532020457|10203662|3|6.7500|20.2500
D|532020457|10203663|3|6.7500|20.2500
D|532020457|10205032|3|13.5600|40.6800
D|532020457|10205033|3|13.5600|40.6800
D|532020457|10205034|3|13.5600|40.6800
D|532020457|10205432|3|13.5600|40.6800
D|532020457|10205433|3|13.5600|40.6800
D|532020457|10205434|3|13.5600|40.6800
D|532020457|10206021|1|50.5500|50.5500
D|532020457|10206022|2|50.5500|101.1000
D|532020457|10206023|2|50.5500|101.1000
D|532020457|10206024|2|50.5500|101.1000
D|532020457|10206031|1|50.5500|50.5500
D|532020457|10206032|2|50.5500|101.1000
D|532020457|10206033|2|50.5500|101.1000
D|532020457|10206034|2|50.5500|101.1000
D|532020457|10219012|4|6.7500|27.0000
D|532020457|10219013|4|6.7500|27.0000
D|532020457|10219032|4|6.7500|27.0000
D|532020457|10219033|4|6.7500|27.0000
D|532020457|10219212|4|6.7500|27.0000
D|532020457|10219213|4|6.7500|27.0000
D|532020457|10223012|3|6.9400|20.8200
D|532020457|10223013|3|6.9400|20.8200
D|532020457|10223032|3|6.9400|20.8200
D|532020457|10223033|3|6.9400|20.8200
D|532020457|10223432|3|6.9400|20.8200
D|532020457|10223433|3|6.9400|20.8200
D|532020457|10223552|3|6.9400|20.8200
D|532020457|10223553|3|6.9400|20.8200
D|532020457|10231011|1|14.9400|14.9400
D|532020457|10231012|2|14.9400|29.8800
D|532020457|10231013|2|14.9400|29.8800
D|532020457|10231014|1|14.9400|14.9400
D|532020457|10231031|2|14.9400|29.8800
D|532020457|10231032|3|14.9400|44.8200
D|532020457|10231033|3|14.9400|44.8200
D|532020457|10231034|1|14.9400|14.9400
D|532020457|10231621|2|14.9400|29.8800
D|532020457|10231622|3|14.9400|44.8200
D|532020457|10231623|3|14.9400|44.8200
D|532020457|10231624|1|14.9400|14.9400
D|532020457|10253011|3|7.3800|22.1400
D|532020457|10253012|3|7.3800|22.1400
D|532020457|10253013|3|7.3800|22.1400
D|532020457|10253031|3|7.3800|22.1400
D|532020457|10253032|3|7.3800|22.1400
D|532020457|10253033|3|7.3800|22.1400
D|532020457|10253601|3|7.3800|22.1400
D|532020457|10253602|3|7.3800|22.1400
D|532020457|10253603|3|7.3800|22.1400
D|532020457|10253621|3|7.3800|22.1400
D|532020457|10253622|3|7.3800|22.1400
D|532020457|10253623|3|7.3800|22.1400
D|532020457|10273011|3|7.5600|22.6800
D|532020457|10273012|3|7.5600|22.6800
D|532020457|10273013|3|7.5600|22.6800
D|532020457|10273031|3|7.5600|22.6800
D|532020457|10273032|3|7.5600|22.6800
D|532020457|10273033|3|7.5600|22.6800
D|532020457|10273041|3|7.5600|22.6800
D|532020457|10273042|3|7.5600|22.6800
D|532020457|10273043|3|7.5600|22.6800
D|532020457|10273431|3|7.5600|22.6800
D|532020457|10273432|3|7.5600|22.6800
D|532020457|10273433|3|7.5600|22.6800
D|532020457|10276011|3|7.2100|21.6300
D|532020457|10276012|3|7.2100|21.6300
D|532020457|10276013|3|7.2100|21.6300
D|532020457|10276014|3|7.2100|21.6300
D|532020457|10276031|3|7.2100|21.6300
D|532020457|10276032|3|7.2100|21.6300
D|532020457|10276033|3|7.2100|21.6300
D|532020457|10276034|3|7.2100|21.6300
D|532020457|10276091|2|7.2100|14.4200
D|532020457|10276092|2|7.2100|14.4200
D|532020457|10276093|2|7.2100|14.4200
D|532020457|10276094|2|7.2100|14.4200
D|532020457|10276601|2|7.2100|14.4200
D|532020457|10276602|2|7.2100|14.4200
D|532020457|10276603|2|7.2100|14.4200
D|532020457|10276604|2|7.2100|14.4200
D|532020457|10276621|2|7.2100|14.4200
D|532020457|10276622|2|7.2100|14.4200
D|532020457|10276623|2|7.2100|14.4200
D|532020457|10276624|2|7.2100|14.4200
D|532020457|10288011|3|8.0100|24.0300
D|532020457|10288012|3|8.0100|24.0300
D|532020457|10288013|3|8.0100|24.0300
D|532020457|10288031|3|8.0100|24.0300
D|532020457|10288032|3|8.0100|24.0300
D|532020457|10288033|3|8.0100|24.0300
D|532020457|10288431|3|8.0100|24.0300
D|532020457|10288432|3|8.0100|24.0300
D|532020457|10288433|3|8.0100|24.0300
D|532020457|10288601|3|8.0100|24.0300
D|532020457|10288602|3|8.0100|24.0300
D|532020457|10288603|3|8.0100|24.0300
D|532020457|10289011|3|6.9400|20.8200
D|532020457|10289012|3|6.9400|20.8200
D|532020457|10289013|3|6.9400|20.8200
D|532020457|10289031|3|6.9400|20.8200
D|532020457|10289032|3|6.9400|20.8200
D|532020457|10289033|3|6.9400|20.8200
D|532020457|10289261|3|6.9400|20.8200
D|532020457|10289262|3|6.9400|20.8200
D|532020457|10289263|3|6.9400|20.8200
D|532020457|10289601|3|6.9400|20.8200
D|532020457|10289602|3|6.9400|20.8200
D|532020457|10289603|3|6.9400|20.8200
D|532020457|10291011|2|11.7400|23.4800
D|532020457|10291012|2|11.7400|23.4800
D|532020457|10291013|2|11.7400|23.4800
D|532020457|10291031|2|11.7400|23.4800
D|532020457|10291032|2|11.7400|23.4800
D|532020457|10291033|2|11.7400|23.4800
D|532020457|10291801|2|11.7400|23.4800
D|532020457|10291802|2|11.7400|23.4800
D|532020457|10291803|2|11.7400|23.4800
D|532020457|10296031|3|8.2700|24.8100
D|532020457|10296032|3|8.2700|24.8100
D|532020457|10296033|3|8.2700|24.8100
D|532020457|10296441|3|8.2700|24.8100
D|532020457|10296442|3|8.2700|24.8100
D|532020457|10296443|3|8.2700|24.8100
D|532020457|10296551|3|8.2700|24.8100
D|532020457|10296552|3|8.2700|24.8100
D|532020457|10296553|3|8.2700|24.8100
D|532020457|10296801|3|8.2700|24.8100
D|532020457|10296802|3|8.2700|24.8100
D|532020457|10296803|3|8.2700|24.8100
D|532020457|10297033|1|27.7500|27.7500
D|532020457|10297034|1|27.7500|27.7500
D|532020457|10297035|1|27.7500|27.7500
D|532020457|10297443|1|27.7500|27.7500
D|532020457|10297444|1|27.7500|27.7500
D|532020457|10297445|1|27.7500|27.7500
D|532020457|10297553|1|27.7500|27.7500
D|532020457|10297554|1|27.7500|27.7500
D|532020457|10297555|1|27.7500|27.7500
D|532020457|10297803|1|27.7500|27.7500
D|532020457|10297804|1|27.7500|27.7500
D|532020457|10297805|1|27.7500|27.7500
D|532020457|10318011|4|6.3000|25.2000
D|532020457|10318012|4|6.3000|25.2000
D|532020457|10318013|4|6.3000|25.2000
D|532020457|10318091|4|6.3000|25.2000
D|532020457|10318092|4|6.3000|25.2000
D|532020457|10318093|4|6.3000|25.2000
D|532020457|10318621|4|6.3000|25.2000
D|532020457|10318622|4|6.3000|25.2000
D|532020457|10318623|4|6.3000|25.2000