F|2022-01-13|53
C|532020159|101812|05|precio9|15804.21|0.0000|15804.21|2844.76|18648.97|25|GENERADO|2022-01-13|53|215|0|0.0000
C|532020160|101690|05|precio9|1160.92|0.0000|1160.92|208.97|1369.89|1|GENERADO|2022-01-13|53|215|0|0.0000
D|532020159|10010011|1|5.3200|5.3200
D|532020159|10010012|1|5.3200|5.3200
D|532020159|10010013|1|5.3200|5.3200
D|532020159|10010032|2|5.3200|10.6400
D|532020159|10010033|2|5.3200|10.6400
D|532020159|10010042|4|5.3200|21.2800
D|532020159|10010292|2|5.3200|10.6400
D|532020159|10010622|2|5.3200|10.6400
D|532020159|10026011|4|5.1300|20.5200
D|532020159|10026012|4|5.1300|20.5200
D|532020159|10026013|2|5.1300|10.2600
D|532020159|10026022|2|5.1300|10.2600
D|532020159|10026023|2|5.1300|10.2600
D|532020159|10026031|1|5.1300|5.1300
D|532020159|10026032|2|5.1300|10.2600
D|532020159|10026033|2|5.1300|10.2600
D|532020159|10026051|1|5.1300|5.1300
D|532020159|10026052|2|5.1300|10.2600
D|532020159|10026072|2|5.1300|10.2600
D|532020159|10026222|2|5.1300|10.2600
D|532020159|10026262|2|5.1300|10.2600
D|532020159|10040012|1|6.4400|6.4400
D|532020159|10040013|3|6.4400|19.3200
D|532020159|10040031|4|6.4400|25.7600
D|532020159|10040032|6|6.4400|38.6400
D|532020159|10040033|4|6.4400|25.7600
D|532020159|10040101|2|6.4400|12.8800
D|532020159|10040102|4|6.4400|25.7600
D|532020159|10040104|1|6.4400|6.4400
D|532020159|10040221|2|6.4400|12.8800
D|532020159|10040222|2|6.4400|12.8800
D|532020159|10040262|2|6.4400|12.8800
D|532020159|10040263|1|6.4400|6.4400
D|532020159|10040264|1|6.4400|6.4400
D|532020159|10041011|3|6.2300|18.6900
D|532020159|10041012|12|6.2300|74.7600
D|532020159|10041013|8|6.2300|49.8400
D|532020159|10041014|3|6.2300|18.6900
D|532020159|10041022|4|6.2300|24.9200
D|532020159|10041023|2|6.2300|12.4600
D|532020159|10041032|3|6.2300|18.6900
D|532020159|10041052|3|6.2300|18.6900
D|532020159|10041091|1|6.2300|6.2300
D|532020159|10041092|4|6.2300|24.9200
D|532020159|10041093|1|6.2300|6.2300
D|532020159|10045011|2|8.2400|16.4800
D|532020159|10045012|4|8.2400|32.9600
D|532020159|10045013|2|8.2400|16.4800
D|532020159|10045031|4|8.2400|32.9600
D|532020159|10045032|8|8.2400|65.9200
D|532020159|10045033|4|8.2400|32.9600
D|532020159|10045211|2|8.2400|16.4800
D|532020159|10045212|4|8.2400|32.9600
D|532020159|10045213|2|8.2400|16.4800
D|532020159|10051011|1|5.6900|5.6900
D|532020159|10051012|3|5.6900|17.0700
D|532020159|10051013|2|5.6900|11.3800
D|532020159|10051032|2|5.6900|11.3800
D|532020159|10051033|1|5.6900|5.6900
D|532020159|10051061|2|5.6900|11.3800
D|532020159|10051062|1|5.6900|5.6900
D|532020159|10051063|2|5.6900|11.3800
D|532020159|10051221|1|5.6900|5.6900
D|532020159|10051222|1|5.6900|5.6900
D|532020159|10051223|1|5.6900|5.6900
D|532020159|10051431|1|5.6900|5.6900
D|532020159|10051432|2|5.6900|11.3800
D|532020159|10051433|2|5.6900|11.3800
D|532020159|10051561|1|5.6900|5.6900
D|532020159|10051562|3|5.6900|17.0700
D|532020159|10051642|2|5.6900|11.3800
D|532020159|10051662|2|5.6900|11.3800
D|532020159|10051663|2|5.6900|11.3800
D|532020159|10056013|2|23.5200|47.0400
D|532020159|10056014|4|23.5200|94.0800
D|532020159|10056015|4|23.5200|94.0800
D|532020159|10056016|2|23.5200|47.0400
D|532020159|10056033|4|23.5200|94.0800
D|532020159|10056034|6|23.5200|141.1200
D|532020159|10056623|3|23.5200|70.5600
D|532020159|10056624|6|23.5200|141.1200
D|532020159|10056625|6|23.5200|141.1200
D|532020159|10056626|3|23.5200|70.5600
D|532020159|10061011|2|6.2300|12.4600
D|532020159|10061012|3|6.2300|18.6900
D|532020159|10061013|1|6.2300|6.2300
D|532020159|10061052|1|6.2300|6.2300
D|532020159|10061053|2|6.2300|12.4600
D|532020159|10061072|3|6.2300|18.6900
D|532020159|10061073|2|6.2300|12.4600
D|532020159|10061221|1|6.2300|6.2300
D|532020159|10061222|2|6.2300|12.4600
D|532020159|10061261|1|6.2300|6.2300
D|532020159|10061262|4|6.2300|24.9200
D|532020159|10061263|1|6.2300|6.2300
D|532020159|10064012|4|6.2300|24.9200
D|532020159|10064013|1|6.2300|6.2300
D|532020159|10064031|1|6.2300|6.2300
D|532020159|10064032|2|6.2300|12.4600
D|532020159|10064033|1|6.2300|6.2300
D|532020159|10064261|1|6.2300|6.2300
D|532020159|10064262|2|6.2300|12.4600
D|532020159|10064621|1|6.2300|6.2300
D|532020159|10064622|4|6.2300|24.9200
D|532020159|10064623|1|6.2300|6.2300
D|532020159|10067011|2|7.5400|15.0800
D|532020159|10067012|3|7.5400|22.6200
D|532020159|10067013|8|7.5400|60.3200
D|532020159|10067014|2|7.5400|15.0800
D|532020159|10067092|2|7.5400|15.0800
D|532020159|10067093|4|7.5400|30.1600
D|532020159|10067094|1|7.5400|7.5400
D|532020159|10067262|1|7.5400|7.5400
D|532020159|10067263|2|7.5400|15.0800
D|532020159|10069011|1|7.6300|7.6300
D|532020159|10069012|4|7.6300|30.5200
D|532020159|10069013|1|7.6300|7.6300
D|532020159|10069032|6|7.6300|45.7800
D|532020159|10069033|2|7.6300|15.2600
D|532020159|10069212|4|7.6300|30.5200
D|532020159|10069213|1|7.6300|7.6300
D|532020159|10069222|5|7.6300|38.1500
D|532020159|10069223|2|7.6300|15.2600
D|532020159|10069262|4|7.6300|30.5200
D|532020159|10069263|1|7.6300|7.6300
D|532020159|10112014|1|37.3600|37.3600
D|532020159|10112015|2|37.3600|74.7200
D|532020159|10112016|1|37.3600|37.3600
D|532020159|10112034|4|37.3600|149.4400
D|532020159|10112035|6|37.3600|224.1600
D|532020159|10112036|4|37.3600|149.4400
D|532020159|10112037|2|37.3600|74.7200
D|532020159|10140013|3|5.8300|17.4900
D|532020159|10140031|1|5.8300|5.8300
D|532020159|10140032|4|5.8300|23.3200
D|532020159|10140033|2|5.8300|11.6600
D|532020159|10140621|2|5.8300|11.6600
D|532020159|10140622|6|5.8300|34.9800
D|532020159|10140623|3|5.8300|17.4900
D|532020159|10165035|6|42.6900|256.1400
D|532020159|10165036|6|42.6900|256.1400
D|532020159|10165037|3|42.6900|128.0700
D|532020159|10185011|2|6.9400|13.8800
D|532020159|10185012|4|6.9400|27.7600
D|532020159|10185042|3|6.9400|20.8200
D|532020159|10185122|4|6.9400|27.7600
D|532020159|10188011|3|5.7100|17.1300
D|532020159|10188012|18|5.7100|102.7800
D|532020159|10188013|8|5.7100|45.6800
D|532020159|10188014|2|5.7100|11.4200
D|532020159|10188032|4|5.7100|22.8400
D|532020159|10188034|2|5.7100|11.4200
D|532020159|10197011|2|16.5400|33.0800
D|532020159|10197012|4|16.5400|66.1600
D|532020159|10197013|3|16.5400|49.6200
D|532020159|10197014|2|16.5400|33.0800
D|532020159|10197021|5|16.5400|82.7000
D|532020159|10197022|12|16.5400|198.4800
D|532020159|10197023|10|16.5400|165.4000
D|532020159|10197024|5|16.5400|82.7000
D|532020159|10197031|6|16.5400|99.2400
D|532020159|10197032|14|16.5400|231.5600
D|532020159|10197033|12|16.5400|198.4800
D|532020159|10197034|6|16.5400|99.2400
D|532020159|10200011|1|7.2100|7.2100
D|532020159|10200012|4|7.2100|28.8400
D|532020159|10200013|3|7.2100|21.6300
D|532020159|10200052|4|7.2100|28.8400
D|532020159|10200053|1|7.2100|7.2100
D|532020159|10200091|2|7.2100|14.4200
D|532020159|10200092|4|7.2100|28.8400
D|532020159|10200093|2|7.2100|14.4200
D|532020159|10200181|1|7.2100|7.2100
D|532020159|10200182|3|7.2100|21.6300
D|532020159|10200183|3|7.2100|21.6300
D|532020159|10200431|3|7.2100|21.6300
D|532020159|10200432|4|7.2100|28.8400
D|532020159|10200433|3|7.2100|21.6300
D|532020159|10201041|3|6.8500|20.5500
D|532020159|10201042|3|6.8500|20.5500
D|532020159|10201043|3|6.8500|20.5500
D|532020159|10201121|3|6.8500|20.5500
D|532020159|10201122|3|6.8500|20.5500
D|532020159|10201123|2|6.8500|13.7000
D|532020159|10203011|1|6.7500|6.7500
D|532020159|10203012|2|6.7500|13.5000
D|532020159|10203013|1|6.7500|6.7500
D|532020159|10203031|2|6.7500|13.5000
D|532020159|10203032|3|6.7500|20.2500
D|532020159|10203033|1|6.7500|6.7500
D|532020159|10203561|1|6.7500|6.7500
D|532020159|10203562|6|6.7500|40.5000
D|532020159|10203563|1|6.7500|6.7500
D|532020159|10203661|1|6.7500|6.7500
D|532020159|10203662|4|6.7500|27.0000
D|532020159|10203663|1|6.7500|6.7500
D|532020159|10204033|3|26.6900|80.0700
D|532020159|10204034|4|26.6900|106.7600
D|532020159|10204035|2|26.6900|53.3800
D|532020159|10204563|2|26.6900|53.3800
D|532020159|10204564|4|26.6900|106.7600
D|532020159|10204565|2|26.6900|53.3800
D|532020159|10204663|1|26.6900|26.6900
D|532020159|10204664|2|26.6900|53.3800
D|532020159|10204665|1|26.6900|26.6900
D|532020159|10204666|1|26.6900|26.6900
D|532020159|10206021|2|39.4900|78.9800
D|532020159|10206022|3|39.4900|118.4700
D|532020159|10206023|2|39.4900|78.9800
D|532020159|10206024|1|39.4900|39.4900
D|532020159|10206031|3|39.4900|118.4700
D|532020159|10206032|4|39.4900|157.9600
D|532020159|10206033|3|39.4900|118.4700
D|532020159|10206034|2|39.4900|78.9800
D|532020159|10213021|4|16.5400|66.1600
D|532020159|10213022|12|16.5400|198.4800
D|532020159|10213023|9|16.5400|148.8600
D|532020159|10213024|6|16.5400|99.2400
D|532020159|10213031|4|16.5400|66.1600
D|532020159|10213032|12|16.5400|198.4800
D|532020159|10213033|9|16.5400|148.8600
D|532020159|10213034|6|16.5400|99.2400
D|532020159|10219011|1|6.7500|6.7500
D|532020159|10219012|3|6.7500|20.2500
D|532020159|10219013|2|6.7500|13.5000
D|532020159|10219031|2|6.7500|13.5000
D|532020159|10219032|6|6.7500|40.5000
D|532020159|10219033|3|6.7500|20.2500
D|532020159|10219211|2|6.7500|13.5000
D|532020159|10219212|4|6.7500|27.0000
D|532020159|10219213|1|6.7500|6.7500
D|532020159|10225212|6|7.0300|42.1800
D|532020159|10225213|1|7.0300|7.0300
D|532020159|10225232|2|7.0300|14.0600
D|532020159|10225233|1|7.0300|7.0300
D|532020159|10225261|3|7.0300|21.0900
D|532020159|10225262|3|7.0300|21.0900
D|532020159|10225331|1|7.0300|7.0300
D|532020159|10225332|3|7.0300|21.0900
D|532020159|10225333|1|7.0300|7.0300
D|532020159|10231011|1|14.9400|14.9400
D|532020159|10231012|2|14.9400|29.8800
D|532020159|10231013|1|14.9400|14.9400
D|532020159|10231014|1|14.9400|14.9400
D|532020159|10231031|3|14.9400|44.8200
D|532020159|10231032|6|14.9400|89.6400
D|532020159|10231033|3|14.9400|44.8200
D|532020159|10231034|2|14.9400|29.8800
D|532020159|10231621|2|14.9400|29.8800
D|532020159|10231622|3|14.9400|44.8200
D|532020159|10231623|2|14.9400|29.8800
D|532020159|10231624|1|14.9400|14.9400
D|532020159|10253011|1|7.3800|7.3800
D|532020159|10253012|6|7.3800|44.2800
D|532020159|10253013|2|7.3800|14.7600
D|532020159|10253032|6|7.3800|44.2800
D|532020159|10253033|2|7.3800|14.7600
D|532020159|10253602|2|7.3800|14.7600
D|532020159|10253603|2|7.3800|14.7600
D|532020159|10253621|2|7.3800|14.7600
D|532020159|10253622|4|7.3800|29.5200
D|532020159|10253623|3|7.3800|22.1400
D|532020159|10269011|1|21.8800|21.8800
D|532020159|10269012|3|21.8800|65.6400
D|532020159|10269013|2|21.8800|43.7600
D|532020159|10269014|1|21.8800|21.8800
D|532020159|10269021|4|21.8800|87.5200
D|532020159|10269022|12|21.8800|262.5600
D|532020159|10269023|9|21.8800|196.9200
D|532020159|10269024|6|21.8800|131.2800
D|532020159|10269031|4|21.8800|87.5200
D|532020159|10269032|12|21.8800|262.5600
D|532020159|10269033|9|21.8800|196.9200
D|532020159|10269034|6|21.8800|131.2800
D|532020159|10273011|6|7.5600|45.3600
D|532020159|10273012|10|7.5600|75.6000
D|532020159|10273013|6|7.5600|45.3600
D|532020159|10273031|6|7.5600|45.3600
D|532020159|10273032|12|7.5600|90.7200
D|532020159|10273033|6|7.5600|45.3600
D|532020159|10273041|8|7.5600|60.4800
D|532020159|10273042|14|7.5600|105.8400
D|532020159|10273043|8|7.5600|60.4800
D|532020159|10273431|6|7.5600|45.3600
D|532020159|10273432|12|7.5600|90.7200
D|532020159|10273433|6|7.5600|45.3600
D|532020159|10276011|1|7.2100|7.2100
D|532020159|10276012|8|7.2100|57.6800
D|532020159|10276013|4|7.2100|28.8400
D|532020159|10276014|1|7.2100|7.2100
D|532020159|10276032|4|7.2100|28.8400
D|532020159|10276033|6|7.2100|43.2600
D|532020159|10276034|2|7.2100|14.4200
D|532020159|10276092|3|7.2100|21.6300
D|532020159|10276093|3|7.2100|21.6300
D|532020159|10276601|1|7.2100|7.2100
D|532020159|10276602|6|7.2100|43.2600
D|532020159|10276603|3|7.2100|21.6300
D|532020159|10276604|1|7.2100|7.2100
D|532020159|10276622|6|7.2100|43.2600
D|532020159|10276623|4|7.2100|28.8400
D|532020159|10276624|1|7.2100|7.2100
D|532020159|10278013|1|27.7500|27.7500
D|532020159|10278014|3|27.7500|83.2500
D|532020159|10278015|3|27.7500|83.2500
D|532020159|10278016|2|27.7500|55.5000
D|532020159|10278017|1|27.7500|27.7500
D|532020159|10278033|2|27.7500|55.5000
D|532020159|10278034|4|27.7500|111.0000
D|532020159|10278035|4|27.7500|111.0000
D|532020159|10278036|3|27.7500|83.2500
D|532020159|10278037|2|27.7500|55.5000
D|532020159|10278213|1|27.7500|27.7500
D|532020159|10278214|2|27.7500|55.5000
D|532020159|10278215|2|27.7500|55.5000
D|532020159|10278216|1|27.7500|27.7500
D|532020159|10278217|1|27.7500|27.7500
D|532020159|10278623|2|27.7500|55.5000
D|532020159|10278624|4|27.7500|111.0000
D|532020159|10278625|4|27.7500|111.0000
D|532020159|10278626|3|27.7500|83.2500
D|532020159|10278627|2|27.7500|55.5000
D|532020159|10284031|3|35.2200|105.6600
D|532020159|10284032|4|35.2200|140.8800
D|532020159|10284033|3|35.2200|105.6600
D|532020159|10284034|2|35.2200|70.4400
D|532020159|10284621|1|35.2200|35.2200
D|532020159|10284622|2|35.2200|70.4400
D|532020159|10284623|2|35.2200|70.4400
D|532020159|10284624|1|35.2200|35.2200
D|532020159|10291031|2|11.7400|23.4800
D|532020159|10291032|3|11.7400|35.2200
D|532020159|10291033|2|11.7400|23.4800
D|532020159|10291801|3|11.7400|35.2200
D|532020159|10291802|4|11.7400|46.9600
D|532020159|10291803|3|11.7400|35.2200
D|532020159|10293011|1|8.2700|8.2700
D|532020159|10293012|4|8.2700|33.0800
D|532020159|10293013|1|8.2700|8.2700
D|532020159|10293031|3|8.2700|24.8100
D|532020159|10293032|4|8.2700|33.0800
D|532020159|10293033|2|8.2700|16.5400
D|532020159|10293551|3|8.2700|24.8100
D|532020159|10293552|4|8.2700|33.0800
D|532020159|10293553|2|8.2700|16.5400
D|532020159|10294034|3|41.6200|124.8600
D|532020159|10294035|2|41.6200|83.2400
D|532020159|10294036|1|41.6200|41.6200
D|532020159|10294554|4|41.6200|166.4800
D|532020159|10294555|3|41.6200|124.8600
D|532020159|10294556|2|41.6200|83.2400
D|532020159|10296031|1|8.2700|8.2700
D|532020159|10296032|2|8.2700|16.5400
D|532020159|10296033|1|8.2700|8.2700
D|532020159|10296441|1|8.2700|8.2700
D|532020159|10296442|2|8.2700|16.5400
D|532020159|10296443|1|8.2700|8.2700
D|532020159|10296552|4|8.2700|33.0800
D|532020159|10296553|1|8.2700|8.2700
D|532020159|10296801|2|8.2700|16.5400
D|532020159|10296802|2|8.2700|16.5400
D|532020159|10296803|2|8.2700|16.5400
D|532020159|10298011|2|7.9200|15.8400
D|532020159|10298012|4|7.9200|31.6800
D|532020159|10298013|3|7.9200|23.7600
D|532020159|10298031|2|7.9200|15.8400
D|532020159|10298032|4|7.9200|31.6800
D|532020159|10298033|3|7.9200|23.7600
D|532020159|10298551|2|7.9200|15.8400
D|532020159|10298552|4|7.9200|31.6800
D|532020159|10298553|3|7.9200|23.7600
D|532020160|10013012|1|5.7900|5.7900
D|532020160|10013013|1|5.7900|5.7900
D|532020160|10013042|1|5.7900|5.7900
D|532020160|10013043|1|5.7900|5.7900
D|532020160|10013092|1|5.7900|5.7900
D|532020160|10013093|1|5.7900|5.7900
D|532020160|10026012|1|5.1300|5.1300
D|532020160|10026032|1|5.1300|5.1300
D|532020160|10026072|1|5.1300|5.1300
D|532020160|10026102|1|5.1300|5.1300
D|532020160|10026222|1|5.1300|5.1300
D|532020160|10026262|1|5.1300|5.1300
D|532020160|10029011|1|7.3400|7.3400
D|532020160|10029012|2|7.3400|14.6800
D|532020160|10029013|1|7.3400|7.3400
D|532020160|10029091|1|7.3400|7.3400
D|532020160|10029092|1|7.3400|7.3400
D|532020160|10029093|1|7.3400|7.3400
D|532020160|10039011|1|6.4000|6.4000
D|532020160|10039012|1|6.4000|6.4000
D|532020160|10039013|1|6.4000|6.4000
D|532020160|10039014|1|6.4000|6.4000
D|532020160|10069012|1|7.6300|7.6300
D|532020160|10069033|1|7.6300|7.6300
D|532020160|10069212|2|7.6300|15.2600
D|532020160|10069213|1|7.6300|7.6300
D|532020160|10069261|1|7.6300|7.6300
D|532020160|10140011|1|5.8300|5.8300
D|532020160|10140012|1|5.8300|5.8300
D|532020160|10140013|2|5.8300|11.6600
D|532020160|10140031|2|5.8300|11.6600
D|532020160|10140032|2|5.8300|11.6600
D|532020160|10140033|2|5.8300|11.6600
D|532020160|10140071|1|5.8300|5.8300
D|532020160|10140072|1|5.8300|5.8300
D|532020160|10140073|1|5.8300|5.8300
D|532020160|10140101|1|5.8300|5.8300
D|532020160|10140102|2|5.8300|11.6600
D|532020160|10140103|1|5.8300|5.8300
D|532020160|10140621|1|5.8300|5.8300
D|532020160|10140623|2|5.8300|11.6600
D|532020160|10185011|2|6.9400|13.8800
D|532020160|10185012|2|6.9400|13.8800
D|532020160|10185013|2|6.9400|13.8800
D|532020160|10185041|1|6.9400|6.9400
D|532020160|10185042|1|6.9400|6.9400
D|532020160|10185043|1|6.9400|6.9400
D|532020160|10185121|1|6.9400|6.9400
D|532020160|10185122|1|6.9400|6.9400
D|532020160|10185123|1|6.9400|6.9400
D|532020160|10218014|1|30.9500|30.9500
D|532020160|10218216|1|30.9500|30.9500
D|532020160|10222035|1|28.8200|28.8200
D|532020160|10222434|1|28.8200|28.8200
D|532020160|10223011|1|6.9400|6.9400
D|532020160|10223012|1|6.9400|6.9400
D|532020160|10223013|1|6.9400|6.9400
D|532020160|10223031|1|6.9400|6.9400
D|532020160|10223032|1|6.9400|6.9400
D|532020160|10223033|1|6.9400|6.9400
D|532020160|10223431|1|6.9400|6.9400
D|532020160|10223432|1|6.9400|6.9400
D|532020160|10243032|1|51.2300|51.2300
D|532020160|10243033|1|51.2300|51.2300
D|532020160|10243034|1|51.2300|51.2300
D|532020160|10243623|1|51.2300|51.2300
D|532020160|10260012|1|10.6700|10.6700
D|532020160|10260013|1|10.6700|10.6700
D|532020160|10260014|1|10.6700|10.6700
D|532020160|10260602|1|10.6700|10.6700
D|532020160|10260603|1|10.6700|10.6700
D|532020160|10260622|1|10.6700|10.6700
D|532020160|10260623|1|10.6700|10.6700
D|532020160|10260624|1|10.6700|10.6700
D|532020160|10268012|1|7.7300|7.7300
D|532020160|10268013|1|7.7300|7.7300
D|532020160|10268092|1|7.7300|7.7300
D|532020160|10268093|1|7.7300|7.7300
D|532020160|10268182|1|7.7300|7.7300
D|532020160|10268183|1|7.7300|7.7300
D|532020160|10273012|1|7.5600|7.5600
D|532020160|10273013|1|7.5600|7.5600
D|532020160|10273032|2|7.5600|15.1200
D|532020160|10273033|1|7.5600|7.5600
D|532020160|10273042|1|7.5600|7.5600
D|532020160|10273043|1|7.5600|7.5600
D|532020160|10286011|1|7.1200|7.1200
D|532020160|10286012|1|7.1200|7.1200
D|532020160|10286013|1|7.1200|7.1200
D|532020160|10286014|1|7.1200|7.1200
D|532020160|10286042|1|7.1200|7.1200
D|532020160|10286093|1|7.1200|7.1200
D|532020160|10293011|1|8.2700|8.2700
D|532020160|10293012|1|8.2700|8.2700
D|532020160|10293013|1|8.2700|8.2700
D|532020160|10293032|1|8.2700|8.2700
D|532020160|10293033|1|8.2700|8.2700
D|532020160|10293552|1|8.2700|8.2700
D|532020160|10293811|1|8.2700|8.2700
D|532020160|10293812|1|8.2700|8.2700
D|532020160|10296031|1|8.2700|8.2700
D|532020160|10296032|1|8.2700|8.2700
D|532020160|10296033|1|8.2700|8.2700
D|532020160|10296441|1|8.2700|8.2700
D|532020160|10296442|1|8.2700|8.2700
D|532020160|10296443|1|8.2700|8.2700
D|532020160|10296551|1|8.2700|8.2700
D|532020160|10296552|1|8.2700|8.2700
D|532020160|10296553|1|8.2700|8.2700
D|532020160|10296801|1|8.2700|8.2700
D|532020160|10296802|1|8.2700|8.2700
D|532020160|10296803|1|8.2700|8.2700