F|2023-01-15|54
C|542020921|1011232|04|precio9|2667.96|0.0000|2667.96|480.23|3148.19|19|GENERADO|2023-01-15|54|0|0|0.0000
C|542020922|102026|04|precio9|4662.56|0.0000|4662.56|839.26|5501.82|12|GENERADO|2023-01-15|54|0|0|0.0000
D|542020921|10029014|2|7.3400|14.6800
D|542020921|10029022|2|7.3400|14.6800
D|542020921|10029024|2|7.3400|14.6800
D|542020921|10029032|2|7.3400|14.6800
D|542020921|10029033|2|7.3400|14.6800
D|542020921|10029034|3|7.3400|22.0200
D|542020921|10029092|2|7.3400|14.6800
D|542020921|10040011|2|6.4400|12.8800
D|542020921|10040012|2|6.4400|12.8800
D|542020921|10040013|2|6.4400|12.8800
D|542020921|10040101|2|6.4400|12.8800
D|542020921|10040102|3|6.4400|19.3200
D|542020921|10040103|2|6.4400|12.8800
D|542020921|10060013|2|8.5500|17.1000
D|542020921|10060014|2|8.5500|17.1000
D|542020921|10060022|3|8.5500|25.6500
D|542020921|10060023|2|8.5500|17.1000
D|542020921|10060024|2|8.5500|17.1000
D|542020921|10060034|3|8.5500|25.6500
D|542020921|10060292|2|8.5500|17.1000
D|542020921|10060293|2|8.5500|17.1000
D|542020921|10060294|2|8.5500|17.1000
D|542020921|10186015|2|32.0200|64.0400
D|542020921|10186016|2|32.0200|64.0400
D|542020921|10186045|1|32.0200|32.0200
D|542020921|10186125|3|32.0200|96.0600
D|542020921|10186126|2|32.0200|64.0400
D|542020921|10206021|3|50.5500|151.6500
D|542020921|10206022|2|50.5500|101.1000
D|542020921|10206023|2|50.5500|101.1000
D|542020921|10206024|2|50.5500|101.1000
D|542020921|10206031|1|50.5500|50.5500
D|542020921|10206032|5|50.5500|252.7500
D|542020921|10206033|5|50.5500|252.7500
D|542020921|10213022|3|21.1700|63.5100
D|542020921|10213023|3|21.1700|63.5100
D|542020921|10213024|2|21.1700|42.3400
D|542020921|10213034|2|21.1700|42.3400
D|542020921|10290013|1|28.4600|28.4600
D|542020921|10290014|1|28.4600|28.4600
D|542020921|10290015|2|28.4600|56.9200
D|542020921|10290016|2|28.4600|56.9200
D|542020921|10290033|2|28.4600|56.9200
D|542020921|10290034|3|28.4600|85.3800
D|542020921|10290035|3|28.4600|85.3800
D|542020921|10290803|1|28.4600|28.4600
D|542020921|10290804|2|28.4600|56.9200
D|542020921|10290805|3|28.4600|85.3800
D|542020921|10290806|3|28.4600|85.3800
D|542020921|10291013|3|11.7400|35.2200
D|542020921|10291802|3|11.7400|35.2200
D|542020921|10291803|3|11.7400|35.2200
D|542020922|10040011|2|6.4400|12.8800
D|542020922|10040012|2|6.4400|12.8800
D|542020922|10040013|2|6.4400|12.8800
D|542020922|10040031|2|6.4400|12.8800
D|542020922|10040032|2|6.4400|12.8800
D|542020922|10040033|2|6.4400|12.8800
D|542020922|10040071|2|6.4400|12.8800
D|542020922|10040072|2|6.4400|12.8800
D|542020922|10040073|2|6.4400|12.8800
D|542020922|10040101|2|6.4400|12.8800
D|542020922|10040102|2|6.4400|12.8800
D|542020922|10040103|2|6.4400|12.8800
D|542020922|10040261|2|6.4400|12.8800
D|542020922|10040262|2|6.4400|12.8800
D|542020922|10040263|2|6.4400|12.8800
D|542020922|10040801|2|6.4400|12.8800
D|542020922|10040802|2|6.4400|12.8800
D|542020922|10040803|2|6.4400|12.8800
D|542020922|10057011|2|6.0300|12.0600
D|542020922|10057012|2|6.0300|12.0600
D|542020922|10057013|2|6.0300|12.0600
D|542020922|10057031|2|6.0300|12.0600
D|542020922|10057032|2|6.0300|12.0600
D|542020922|10057033|2|6.0300|12.0600
D|542020922|10057051|2|6.0300|12.0600
D|542020922|10057052|2|6.0300|12.0600
D|542020922|10057053|2|6.0300|12.0600
D|542020922|10057221|2|6.0300|12.0600
D|542020922|10057222|2|6.0300|12.0600
D|542020922|10057223|2|6.0300|12.0600
D|542020922|10057261|2|6.0300|12.0600
D|542020922|10057262|2|6.0300|12.0600
D|542020922|10057263|2|6.0300|12.0600
D|542020922|10153011|2|10.6700|21.3400
D|542020922|10153012|2|10.6700|21.3400
D|542020922|10153013|2|10.6700|21.3400
D|542020922|10153031|2|10.6700|21.3400
D|542020922|10153032|2|10.6700|21.3400
D|542020922|10153033|2|10.6700|21.3400
D|542020922|10153121|2|10.6700|21.3400
D|542020922|10153122|2|10.6700|21.3400
D|542020922|10153123|2|10.6700|21.3400
D|542020922|10153621|2|10.6700|21.3400
D|542020922|10153622|2|10.6700|21.3400
D|542020922|10153623|2|10.6700|21.3400
D|542020922|10165014|1|46.6100|46.6100
D|542020922|10165015|2|46.6100|93.2200
D|542020922|10165016|2|46.6100|93.2200
D|542020922|10165017|1|46.6100|46.6100
D|542020922|10165034|1|46.6100|46.6100
D|542020922|10165035|2|46.6100|93.2200
D|542020922|10165036|2|46.6100|93.2200
D|542020922|10165037|1|46.6100|46.6100
D|542020922|10165124|1|46.6100|46.6100
D|542020922|10165125|2|46.6100|93.2200
D|542020922|10165126|2|46.6100|93.2200
D|542020922|10165127|1|46.6100|46.6100
D|542020922|10197021|2|21.1700|42.3400
D|542020922|10197022|3|21.1700|63.5100
D|542020922|10197023|3|21.1700|63.5100
D|542020922|10197024|2|21.1700|42.3400
D|542020922|10197031|2|21.1700|42.3400
D|542020922|10197032|3|21.1700|63.5100
D|542020922|10197033|3|21.1700|63.5100
D|542020922|10197034|2|21.1700|42.3400
D|542020922|10219011|2|6.7500|13.5000
D|542020922|10219012|2|6.7500|13.5000
D|542020922|10219013|2|6.7500|13.5000
D|542020922|10219031|2|6.7500|13.5000
D|542020922|10219032|2|6.7500|13.5000
D|542020922|10219033|2|6.7500|13.5000
D|542020922|10219211|2|6.7500|13.5000
D|542020922|10219212|2|6.7500|13.5000
D|542020922|10219213|2|6.7500|13.5000
D|542020922|10229031|1|18.2900|18.2900
D|542020922|10229032|2|18.2900|36.5800
D|542020922|10229033|2|18.2900|36.5800
D|542020922|10229034|1|18.2900|18.2900
D|542020922|10229621|1|18.2900|18.2900
D|542020922|10229622|2|18.2900|36.5800
D|542020922|10229623|2|18.2900|36.5800
D|542020922|10229624|1|18.2900|18.2900
D|542020922|10231011|1|14.9400|14.9400
D|542020922|10231012|2|14.9400|29.8800
D|542020922|10231013|2|14.9400|29.8800
D|542020922|10231014|2|14.9400|29.8800
D|542020922|10231031|1|14.9400|14.9400
D|542020922|10231032|2|14.9400|29.8800
D|542020922|10231033|2|14.9400|29.8800
D|542020922|10231034|2|14.9400|29.8800
D|542020922|10231621|1|14.9400|14.9400
D|542020922|10231622|2|14.9400|29.8800
D|542020922|10231623|2|14.9400|29.8800
D|542020922|10231624|2|14.9400|29.8800
D|542020922|10251561|2|7.3200|14.6400
D|542020922|10251562|2|7.3200|14.6400
D|542020922|10251563|2|7.3200|14.6400
D|542020922|10251641|2|7.3200|14.6400
D|542020922|10251642|2|7.3200|14.6400
D|542020922|10251643|2|7.3200|14.6400
D|542020922|10251651|2|7.3200|14.6400
D|542020922|10251652|2|7.3200|14.6400
D|542020922|10251653|2|7.3200|14.6400
D|542020922|10251661|2|7.3200|14.6400
D|542020922|10251662|2|7.3200|14.6400
D|542020922|10251663|2|7.3200|14.6400
D|542020922|10261014|2|22.4200|44.8400
D|542020922|10261015|2|22.4200|44.8400
D|542020922|10261016|2|22.4200|44.8400
D|542020922|10261017|1|22.4200|22.4200
D|542020922|10261624|2|22.4200|44.8400
D|542020922|10261625|2|22.4200|44.8400
D|542020922|10261626|2|22.4200|44.8400
D|542020922|10261627|1|22.4200|22.4200
D|542020922|10284031|1|45.0800|45.0800
D|542020922|10284032|2|45.0800|90.1600
D|542020922|10284033|2|45.0800|90.1600
D|542020922|10284034|1|45.0800|45.0800
D|542020922|10284621|1|45.0800|45.0800
D|542020922|10284622|2|45.0800|90.1600
D|542020922|10284623|2|45.0800|90.1600
D|542020922|10284624|1|45.0800|45.0800
D|542020922|10294014|1|41.6200|41.6200
D|542020922|10294015|1|41.6200|41.6200
D|542020922|10294016|1|41.6200|41.6200
D|542020922|10294017|1|41.6200|41.6200
D|542020922|10294034|1|41.6200|41.6200
D|542020922|10294035|1|41.6200|41.6200
D|542020922|10294036|1|41.6200|41.6200
D|542020922|10294037|1|41.6200|41.6200
D|542020922|10294554|1|41.6200|41.6200
D|542020922|10294555|1|41.6200|41.6200
D|542020922|10294556|1|41.6200|41.6200
D|542020922|10294557|1|41.6200|41.6200
D|542020922|10294814|1|41.6200|41.6200
D|542020922|10294815|1|41.6200|41.6200
D|542020922|10294816|1|41.6200|41.6200
D|542020922|10294817|1|41.6200|41.6200
D|542020922|10295011|2|6.4900|12.9800
D|542020922|10295012|3|6.4900|19.4700
D|542020922|10295013|2|6.4900|12.9800
D|542020922|10295031|2|6.4900|12.9800
D|542020922|10295032|3|6.4900|19.4700
D|542020922|10295033|2|6.4900|12.9800
D|542020922|10295101|2|6.4900|12.9800
D|542020922|10295102|3|6.4900|19.4700
D|542020922|10295103|2|6.4900|12.9800
D|542020922|10295801|2|6.4900|12.9800
D|542020922|10295802|3|6.4900|19.4700
D|542020922|10295803|2|6.4900|12.9800
D|542020922|10296031|2|8.2700|16.5400
D|542020922|10296032|2|8.2700|16.5400
D|542020922|10296033|2|8.2700|16.5400
D|542020922|10296441|2|8.2700|16.5400
D|542020922|10296442|2|8.2700|16.5400
D|542020922|10296443|2|8.2700|16.5400
D|542020922|10296551|2|8.2700|16.5400
D|542020922|10296552|2|8.2700|16.5400
D|542020922|10296553|2|8.2700|16.5400
D|542020922|10296801|2|8.2700|16.5400
D|542020922|10296802|2|8.2700|16.5400
D|542020922|10296803|2|8.2700|16.5400