F|2023-09-11|54
C|542021436|102016|04|precio9|0.00|0.0000|0.00|0.00|0.00|0|GENERADO|2023-09-11|54|0|0|0.0000
C|542021437|102016|04|precio9|6669.51|0.0000|6669.51|1200.51|7870.02|22|GENERADO|2023-09-11|54|0|0|0.0000
C|542021438|101062|04|precio9|2357.35|0.0000|2357.35|424.32|2781.67|11|GENERADO|2023-09-11|54|0|0|0.0000
C|542021439|1012573|04|precio9|5366.64|0.0000|5366.64|966.00|6332.64|22|GENERADO|2023-09-11|54|0|0|0.0000
C|542021440|10120378|04|precio9|16080.20|0.0000|16080.20|2894.44|18974.64|35|GENERADO|2023-09-11|54|0|0|0.0000
C|542021441|1011436|04|precio9|5749.26|0.0000|5749.26|1034.87|6784.13|2|GENERADO|2023-09-11|54|0|0|0.0000
C|542021442|150688|04|precio9|1258.35|0.0000|1258.35|226.50|1484.85|16|GENERADO|2023-09-11|54|0|0|0.0000
D|542021437|10010011|6|5.3200|31.9200
D|542021437|10010012|6|5.3200|31.9200
D|542021437|10010031|6|5.3200|31.9200
D|542021437|10010032|6|5.3200|31.9200
D|542021437|10010041|6|5.3200|31.9200
D|542021437|10010042|6|5.3200|31.9200
D|542021437|10010261|6|5.3200|31.9200
D|542021437|10010262|6|5.3200|31.9200
D|542021437|10010291|6|5.3200|31.9200
D|542021437|10010292|6|5.3200|31.9200
D|542021437|10010621|6|5.3200|31.9200
D|542021437|10010622|6|5.3200|31.9200
D|542021437|10061011|3|6.2300|18.6900
D|542021437|10061012|3|6.2300|18.6900
D|542021437|10061013|3|6.2300|18.6900
D|542021437|10061031|3|6.2300|18.6900
D|542021437|10061032|3|6.2300|18.6900
D|542021437|10061033|3|6.2300|18.6900
D|542021437|10061051|3|6.2300|18.6900
D|542021437|10061052|3|6.2300|18.6900
D|542021437|10061053|3|6.2300|18.6900
D|542021437|10061071|3|6.2300|18.6900
D|542021437|10061072|3|6.2300|18.6900
D|542021437|10061073|3|6.2300|18.6900
D|542021437|10061221|3|6.2300|18.6900
D|542021437|10061222|3|6.2300|18.6900
D|542021437|10061223|3|6.2300|18.6900
D|542021437|10061231|3|6.2300|18.6900
D|542021437|10061232|3|6.2300|18.6900
D|542021437|10061233|3|6.2300|18.6900
D|542021437|10061261|3|6.2300|18.6900
D|542021437|10061262|3|6.2300|18.6900
D|542021437|10061263|3|6.2300|18.6900
D|542021437|10185011|6|6.9400|41.6400
D|542021437|10185012|6|6.9400|41.6400
D|542021437|10185013|6|6.9400|41.6400
D|542021437|10185041|6|6.9400|41.6400
D|542021437|10185042|6|6.9400|41.6400
D|542021437|10185043|6|6.9400|41.6400
D|542021437|10185091|6|6.9400|41.6400
D|542021437|10185092|6|6.9400|41.6400
D|542021437|10185093|6|6.9400|41.6400
D|542021437|10185121|6|6.9400|41.6400
D|542021437|10185122|6|6.9400|41.6400
D|542021437|10185123|6|6.9400|41.6400
D|542021437|10197022|6|21.1700|127.0200
D|542021437|10197023|6|21.1700|127.0200
D|542021437|10197024|6|21.1700|127.0200
D|542021437|10197032|6|21.1700|127.0200
D|542021437|10197033|6|21.1700|127.0200
D|542021437|10197034|6|21.1700|127.0200
D|542021437|10200011|2|7.2100|14.4200
D|542021437|10200012|2|7.2100|14.4200
D|542021437|10200013|2|7.2100|14.4200
D|542021437|10200031|2|7.2100|14.4200
D|542021437|10200032|2|7.2100|14.4200
D|542021437|10200033|2|7.2100|14.4200
D|542021437|10200051|2|7.2100|14.4200
D|542021437|10200052|2|7.2100|14.4200
D|542021437|10200053|2|7.2100|14.4200
D|542021437|10200091|2|7.2100|14.4200
D|542021437|10200092|2|7.2100|14.4200
D|542021437|10200093|2|7.2100|14.4200
D|542021437|10200181|2|7.2100|14.4200
D|542021437|10200182|2|7.2100|14.4200
D|542021437|10200183|2|7.2100|14.4200
D|542021437|10200431|2|7.2100|14.4200
D|542021437|10200432|2|7.2100|14.4200
D|542021437|10200433|2|7.2100|14.4200
D|542021437|10201011|6|6.8500|41.1000
D|542021437|10201012|6|6.8500|41.1000
D|542021437|10201013|6|6.8500|41.1000
D|542021437|10201041|6|6.8500|41.1000
D|542021437|10201042|6|6.8500|41.1000
D|542021437|10201043|6|6.8500|41.1000
D|542021437|10201091|6|6.8500|41.1000
D|542021437|10201092|6|6.8500|41.1000
D|542021437|10201093|6|6.8500|41.1000
D|542021437|10201121|6|6.8500|41.1000
D|542021437|10201122|6|6.8500|41.1000
D|542021437|10201123|6|6.8500|41.1000
D|542021437|10217561|3|6.6000|19.8000
D|542021437|10217562|3|6.6000|19.8000
D|542021437|10217563|3|6.6000|19.8000
D|542021437|10217641|3|6.6000|19.8000
D|542021437|10217642|3|6.6000|19.8000
D|542021437|10217643|3|6.6000|19.8000
D|542021437|10217651|3|6.6000|19.8000
D|542021437|10217652|3|6.6000|19.8000
D|542021437|10217653|3|6.6000|19.8000
D|542021437|10217661|3|6.6000|19.8000
D|542021437|10217662|3|6.6000|19.8000
D|542021437|10217663|3|6.6000|19.8000
D|542021437|10273011|6|7.5600|45.3600
D|542021437|10273012|6|7.5600|45.3600
D|542021437|10273013|6|7.5600|45.3600
D|542021437|10273031|6|7.5600|45.3600
D|542021437|10273032|6|7.5600|45.3600
D|542021437|10273033|6|7.5600|45.3600
D|542021437|10273041|6|7.5600|45.3600
D|542021437|10273042|6|7.5600|45.3600
D|542021437|10273043|6|7.5600|45.3600
D|542021437|10273281|6|7.5600|45.3600
D|542021437|10273282|6|7.5600|45.3600
D|542021437|10273283|6|7.5600|45.3600
D|542021437|10273431|6|7.5600|45.3600
D|542021437|10273432|6|7.5600|45.3600
D|542021437|10273433|6|7.5600|45.3600
D|542021437|10273551|6|7.5600|45.3600
D|542021437|10273552|6|7.5600|45.3600
D|542021437|10273553|6|7.5600|45.3600
D|542021437|10291011|4|11.7400|46.9600
D|542021437|10291012|4|11.7400|46.9600
D|542021437|10291013|4|11.7400|46.9600
D|542021437|10291031|4|11.7400|46.9600
D|542021437|10291032|4|11.7400|46.9600
D|542021437|10291033|4|11.7400|46.9600
D|542021437|10291801|4|11.7400|46.9600
D|542021437|10291802|4|11.7400|46.9600
D|542021437|10291803|4|11.7400|46.9600
D|542021437|10296031|4|8.2700|33.0800
D|542021437|10296032|4|8.2700|33.0800
D|542021437|10296033|4|8.2700|33.0800
D|542021437|10296441|4|8.2700|33.0800
D|542021437|10296442|4|8.2700|33.0800
D|542021437|10296443|4|8.2700|33.0800
D|542021437|10296551|4|8.2700|33.0800
D|542021437|10296552|4|8.2700|33.0800
D|542021437|10296553|4|8.2700|33.0800
D|542021437|10296801|4|8.2700|33.0800
D|542021437|10296802|4|8.2700|33.0800
D|542021437|10296803|4|8.2700|33.0800
D|542021437|10298011|3|7.9200|23.7600
D|542021437|10298012|3|7.9200|23.7600
D|542021437|10298013|3|7.9200|23.7600
D|542021437|10298031|3|7.9200|23.7600
D|542021437|10298032|3|7.9200|23.7600
D|542021437|10298033|3|7.9200|23.7600
D|542021437|10298551|3|7.9200|23.7600
D|542021437|10298552|3|7.9200|23.7600
D|542021437|10298553|3|7.9200|23.7600
D|542021437|10298811|3|7.9200|23.7600
D|542021437|10298812|3|7.9200|23.7600
D|542021437|10298813|3|7.9200|23.7600
D|542021437|10300011|4|12.0100|48.0400
D|542021437|10300012|4|12.0100|48.0400
D|542021437|10300013|4|12.0100|48.0400
D|542021437|10300031|4|12.0100|48.0400
D|542021437|10300032|4|12.0100|48.0400
D|542021437|10300033|4|12.0100|48.0400
D|542021437|10300801|4|12.0100|48.0400
D|542021437|10300802|4|12.0100|48.0400
D|542021437|10300803|4|12.0100|48.0400
D|542021437|10313031|3|8.6200|25.8600
D|542021437|10313032|3|8.6200|25.8600
D|542021437|10313033|3|8.6200|25.8600
D|542021437|10313121|3|8.6200|25.8600
D|542021437|10313122|3|8.6200|25.8600
D|542021437|10313123|3|8.6200|25.8600
D|542021437|10313601|3|8.6200|25.8600
D|542021437|10313602|3|8.6200|25.8600
D|542021437|10313603|3|8.6200|25.8600
D|542021437|10313801|3|8.6200|25.8600
D|542021437|10313802|3|8.6200|25.8600
D|542021437|10313803|3|8.6200|25.8600
D|542021437|10315011|3|10.3800|31.1400
D|542021437|10315012|3|10.3800|31.1400
D|542021437|10315013|3|10.3800|31.1400
D|542021437|10315031|3|10.3800|31.1400
D|542021437|10315032|3|10.3800|31.1400
D|542021437|10315033|3|10.3800|31.1400
D|542021437|10315431|3|10.3800|31.1400
D|542021437|10315432|3|10.3800|31.1400
D|542021437|10315433|3|10.3800|31.1400
D|542021437|10315621|3|10.3800|31.1400
D|542021437|10315622|3|10.3800|31.1400
D|542021437|10315623|3|10.3800|31.1400
D|542021437|10315801|3|10.3800|31.1400
D|542021437|10315802|3|10.3800|31.1400
D|542021437|10315803|3|10.3800|31.1400
D|542021437|10329011|6|9.4600|56.7600
D|542021437|10329012|6|9.4600|56.7600
D|542021437|10329013|6|9.4600|56.7600
D|542021437|10329091|6|9.4600|56.7600
D|542021437|10329092|6|9.4600|56.7600
D|542021437|10329093|6|9.4600|56.7600
D|542021437|10329121|6|9.4600|56.7600
D|542021437|10329122|6|9.4600|56.7600
D|542021437|10329123|6|9.4600|56.7600
D|542021438|10188012|6|5.7100|34.2600
D|542021438|10188013|6|5.7100|34.2600
D|542021438|10188014|5|5.7100|28.5500
D|542021438|10188032|6|5.7100|34.2600
D|542021438|10188033|6|5.7100|34.2600
D|542021438|10188034|5|5.7100|28.5500
D|542021438|10188552|6|5.7100|34.2600
D|542021438|10188553|6|5.7100|34.2600
D|542021438|10188554|5|5.7100|28.5500
D|542021438|10188622|6|5.7100|34.2600
D|542021438|10188623|6|5.7100|34.2600
D|542021438|10188624|5|5.7100|28.5500
D|542021438|10188802|6|5.7100|34.2600
D|542021438|10188803|6|5.7100|34.2600
D|542021438|10188804|5|5.7100|28.5500
D|542021438|10314031|6|8.1400|48.8400
D|542021438|10314032|6|8.1400|48.8400
D|542021438|10314033|6|8.1400|48.8400
D|542021438|10314121|6|8.1400|48.8400
D|542021438|10314122|6|8.1400|48.8400
D|542021438|10314123|6|8.1400|48.8400
D|542021438|10314601|6|8.1400|48.8400
D|542021438|10314602|6|8.1400|48.8400
D|542021438|10314603|6|8.1400|48.8400
D|542021438|10314801|6|8.1400|48.8400
D|542021438|10314802|6|8.1400|48.8400
D|542021438|10314803|6|8.1400|48.8400
D|542021438|10327561|6|8.4000|50.4000
D|542021438|10327562|6|8.4000|50.4000
D|542021438|10327563|6|8.4000|50.4000
D|542021438|10327641|6|8.4000|50.4000
D|542021438|10327642|6|8.4000|50.4000
D|542021438|10327643|6|8.4000|50.4000
D|542021438|10327651|6|8.4000|50.4000
D|542021438|10327652|6|8.4000|50.4000
D|542021438|10327653|6|8.4000|50.4000
D|542021438|10327661|6|8.4000|50.4000
D|542021438|10327662|6|8.4000|50.4000
D|542021438|10327663|6|8.4000|50.4000
D|542021438|10329011|8|9.4600|75.6800
D|542021438|10329012|8|9.4600|75.6800
D|542021438|10329013|8|9.4600|75.6800
D|542021438|10329091|8|9.4600|75.6800
D|542021438|10329092|8|9.4600|75.6800
D|542021438|10329093|8|9.4600|75.6800
D|542021438|10329121|8|9.4600|75.6800
D|542021438|10329122|8|9.4600|75.6800
D|542021438|10329123|8|9.4600|75.6800
D|542021439|10010011|2|5.3200|10.6400
D|542021439|10010012|3|5.3200|15.9600
D|542021439|10010013|2|5.3200|10.6400
D|542021439|10010031|2|5.3200|10.6400
D|542021439|10010032|3|5.3200|15.9600
D|542021439|10010033|2|5.3200|10.6400
D|542021439|10010041|2|5.3200|10.6400
D|542021439|10010042|3|5.3200|15.9600
D|542021439|10010043|2|5.3200|10.6400
D|542021439|10010261|2|5.3200|10.6400
D|542021439|10010262|3|5.3200|15.9600
D|542021439|10010263|2|5.3200|10.6400
D|542021439|10010291|2|5.3200|10.6400
D|542021439|10010292|3|5.3200|15.9600
D|542021439|10010293|2|5.3200|10.6400
D|542021439|10010621|2|5.3200|10.6400
D|542021439|10010622|3|5.3200|15.9600
D|542021439|10010623|2|5.3200|10.6400
D|542021439|10026011|2|5.1300|10.2600
D|542021439|10026012|3|5.1300|15.3900
D|542021439|10026013|2|5.1300|10.2600
D|542021439|10026021|2|5.1300|10.2600
D|542021439|10026022|3|5.1300|15.3900
D|542021439|10026023|2|5.1300|10.2600
D|542021439|10026031|2|5.1300|10.2600
D|542021439|10026032|3|5.1300|15.3900
D|542021439|10026033|2|5.1300|10.2600
D|542021439|10026051|2|5.1300|10.2600
D|542021439|10026052|2|5.1300|10.2600
D|542021439|10026053|1|5.1300|5.1300
D|542021439|10026071|1|5.1300|5.1300
D|542021439|10026072|2|5.1300|10.2600
D|542021439|10026073|1|5.1300|5.1300
D|542021439|10026261|2|5.1300|10.2600
D|542021439|10026262|2|5.1300|10.2600
D|542021439|10026263|2|5.1300|10.2600
D|542021439|10026801|1|5.1300|5.1300
D|542021439|10026802|1|5.1300|5.1300
D|542021439|10026803|1|5.1300|5.1300
D|542021439|10040011|2|6.4400|12.8800
D|542021439|10040012|3|6.4400|19.3200
D|542021439|10040013|3|6.4400|19.3200
D|542021439|10040031|3|6.4400|19.3200
D|542021439|10040032|4|6.4400|25.7600
D|542021439|10040033|3|6.4400|19.3200
D|542021439|10040071|2|6.4400|12.8800
D|542021439|10040072|2|6.4400|12.8800
D|542021439|10040073|2|6.4400|12.8800
D|542021439|10040101|2|6.4400|12.8800
D|542021439|10040102|3|6.4400|19.3200
D|542021439|10040103|2|6.4400|12.8800
D|542021439|10040221|1|6.4400|6.4400
D|542021439|10040222|2|6.4400|12.8800
D|542021439|10040223|1|6.4400|6.4400
D|542021439|10040262|3|6.4400|19.3200
D|542021439|10040263|2|6.4400|12.8800
D|542021439|10040801|2|6.4400|12.8800
D|542021439|10040802|2|6.4400|12.8800
D|542021439|10040803|2|6.4400|12.8800
D|542021439|10051011|2|5.6900|11.3800
D|542021439|10051012|3|5.6900|17.0700
D|542021439|10051013|2|5.6900|11.3800
D|542021439|10051031|2|5.6900|11.3800
D|542021439|10051032|3|5.6900|17.0700
D|542021439|10051033|2|5.6900|11.3800
D|542021439|10051061|2|5.6900|11.3800
D|542021439|10051062|3|5.6900|17.0700
D|542021439|10051063|2|5.6900|11.3800
D|542021439|10051221|2|5.6900|11.3800
D|542021439|10051222|3|5.6900|17.0700
D|542021439|10051223|2|5.6900|11.3800
D|542021439|10051431|2|5.6900|11.3800
D|542021439|10051432|3|5.6900|17.0700
D|542021439|10051433|2|5.6900|11.3800
D|542021439|10051561|2|5.6900|11.3800
D|542021439|10051562|3|5.6900|17.0700
D|542021439|10051563|2|5.6900|11.3800
D|542021439|10051641|2|5.6900|11.3800
D|542021439|10051642|3|5.6900|17.0700
D|542021439|10051643|2|5.6900|11.3800
D|542021439|10051661|2|5.6900|11.3800
D|542021439|10051662|3|5.6900|17.0700
D|542021439|10051663|2|5.6900|11.3800
D|542021439|10061011|2|6.2300|12.4600
D|542021439|10061012|3|6.2300|18.6900
D|542021439|10061013|2|6.2300|12.4600
D|542021439|10061031|2|6.2300|12.4600
D|542021439|10061032|3|6.2300|18.6900
D|542021439|10061033|2|6.2300|12.4600
D|542021439|10061051|1|6.2300|6.2300
D|542021439|10061052|1|6.2300|6.2300
D|542021439|10061053|1|6.2300|6.2300
D|542021439|10061071|1|6.2300|6.2300
D|542021439|10061072|2|6.2300|12.4600
D|542021439|10061073|2|6.2300|12.4600
D|542021439|10061221|1|6.2300|6.2300
D|542021439|10061222|1|6.2300|6.2300
D|542021439|10061223|1|6.2300|6.2300
D|542021439|10061231|2|6.2300|12.4600
D|542021439|10061232|2|6.2300|12.4600
D|542021439|10061233|2|6.2300|12.4600
D|542021439|10061261|2|6.2300|12.4600
D|542021439|10061262|2|6.2300|12.4600
D|542021439|10061263|2|6.2300|12.4600
D|542021439|10069011|1|7.6300|7.6300
D|542021439|10069012|2|7.6300|15.2600
D|542021439|10069013|1|7.6300|7.6300
D|542021439|10069031|1|7.6300|7.6300
D|542021439|10069032|2|7.6300|15.2600
D|542021439|10069033|1|7.6300|7.6300
D|542021439|10069211|1|7.6300|7.6300
D|542021439|10069212|2|7.6300|15.2600
D|542021439|10069213|1|7.6300|7.6300
D|542021439|10069221|1|7.6300|7.6300
D|542021439|10069222|2|7.6300|15.2600
D|542021439|10069223|1|7.6300|7.6300
D|542021439|10069261|1|7.6300|7.6300
D|542021439|10069262|2|7.6300|15.2600
D|542021439|10069263|1|7.6300|7.6300
D|542021439|10185011|1|6.9400|6.9400
D|542021439|10185012|3|6.9400|20.8200
D|542021439|10185013|1|6.9400|6.9400
D|542021439|10185041|1|6.9400|6.9400
D|542021439|10185042|3|6.9400|20.8200
D|542021439|10185043|1|6.9400|6.9400
D|542021439|10185091|1|6.9400|6.9400
D|542021439|10185092|3|6.9400|20.8200
D|542021439|10185093|1|6.9400|6.9400
D|542021439|10185121|1|6.9400|6.9400
D|542021439|10185122|3|6.9400|20.8200
D|542021439|10185123|1|6.9400|6.9400
D|542021439|10201011|1|6.8500|6.8500
D|542021439|10201012|2|6.8500|13.7000
D|542021439|10201013|1|6.8500|6.8500
D|542021439|10201041|1|6.8500|6.8500
D|542021439|10201042|2|6.8500|13.7000
D|542021439|10201043|1|6.8500|6.8500
D|542021439|10201091|1|6.8500|6.8500
D|542021439|10201092|2|6.8500|13.7000
D|542021439|10201093|1|6.8500|6.8500
D|542021439|10201121|1|6.8500|6.8500
D|542021439|10201122|2|6.8500|13.7000
D|542021439|10201123|1|6.8500|6.8500
D|542021439|10206021|2|50.5500|101.1000
D|542021439|10206022|3|50.5500|151.6500
D|542021439|10206023|3|50.5500|151.6500
D|542021439|10206024|3|50.5500|151.6500
D|542021439|10206031|2|50.5500|101.1000
D|542021439|10206032|3|50.5500|151.6500
D|542021439|10206033|3|50.5500|151.6500
D|542021439|10206034|3|50.5500|151.6500
D|542021439|10230031|2|16.6000|33.2000
D|542021439|10230032|2|16.6000|33.2000
D|542021439|10230621|2|16.6000|33.2000
D|542021439|10230622|2|16.6000|33.2000
D|542021439|10230623|2|16.6000|33.2000
D|542021439|10231011|2|14.9400|29.8800
D|542021439|10231012|2|14.9400|29.8800
D|542021439|10231013|2|14.9400|29.8800
D|542021439|10231014|1|14.9400|14.9400
D|542021439|10231031|2|14.9400|29.8800
D|542021439|10231032|2|14.9400|29.8800
D|542021439|10231033|2|14.9400|29.8800
D|542021439|10231034|1|14.9400|14.9400
D|542021439|10231621|2|14.9400|29.8800
D|542021439|10231622|2|14.9400|29.8800
D|542021439|10231623|2|14.9400|29.8800
D|542021439|10231624|1|14.9400|14.9400
D|542021439|10253012|2|7.3800|14.7600
D|542021439|10253013|2|7.3800|14.7600
D|542021439|10253032|2|7.3800|14.7600
D|542021439|10253033|2|7.3800|14.7600
D|542021439|10253052|2|7.3800|14.7600
D|542021439|10253053|2|7.3800|14.7600
D|542021439|10253092|2|7.3800|14.7600
D|542021439|10253093|2|7.3800|14.7600
D|542021439|10253602|2|7.3800|14.7600
D|542021439|10253603|2|7.3800|14.7600
D|542021439|10253622|2|7.3800|14.7600
D|542021439|10253623|2|7.3800|14.7600
D|542021439|10260012|2|10.6700|21.3400
D|542021439|10260013|3|10.6700|32.0100
D|542021439|10260014|4|10.6700|42.6800
D|542021439|10260602|2|10.6700|21.3400
D|542021439|10260603|3|10.6700|32.0100
D|542021439|10260604|4|10.6700|42.6800
D|542021439|10260622|2|10.6700|21.3400
D|542021439|10260623|3|10.6700|32.0100
D|542021439|10260624|4|10.6700|42.6800
D|542021439|10273011|1|7.5600|7.5600
D|542021439|10273012|2|7.5600|15.1200
D|542021439|10273013|1|7.5600|7.5600
D|542021439|10273031|1|7.5600|7.5600
D|542021439|10273032|2|7.5600|15.1200
D|542021439|10273033|1|7.5600|7.5600
D|542021439|10273041|1|7.5600|7.5600
D|542021439|10273042|2|7.5600|15.1200
D|542021439|10273043|1|7.5600|7.5600
D|542021439|10273431|1|7.5600|7.5600
D|542021439|10273432|2|7.5600|15.1200
D|542021439|10273433|1|7.5600|7.5600
D|542021439|10273551|1|7.5600|7.5600
D|542021439|10273552|2|7.5600|15.1200
D|542021439|10273553|1|7.5600|7.5600
D|542021439|10300011|2|12.0100|24.0200
D|542021439|10300012|2|12.0100|24.0200
D|542021439|10300013|2|12.0100|24.0200
D|542021439|10300031|2|12.0100|24.0200
D|542021439|10300032|2|12.0100|24.0200
D|542021439|10300033|2|12.0100|24.0200
D|542021439|10300801|2|12.0100|24.0200
D|542021439|10300802|2|12.0100|24.0200
D|542021439|10300803|2|12.0100|24.0200
D|542021439|10306031|2|8.0100|16.0200
D|542021439|10306032|3|8.0100|24.0300
D|542021439|10306033|2|8.0100|16.0200
D|542021439|10306121|2|8.0100|16.0200
D|542021439|10306122|3|8.0100|24.0300
D|542021439|10306123|2|8.0100|16.0200
D|542021439|10306601|2|8.0100|16.0200
D|542021439|10306602|3|8.0100|24.0300
D|542021439|10306603|2|8.0100|16.0200
D|542021439|10306801|2|8.0100|16.0200
D|542021439|10306802|3|8.0100|24.0300
D|542021439|10306803|2|8.0100|16.0200
D|542021439|10307034|1|29.8900|29.8900
D|542021439|10307035|2|29.8900|59.7800
D|542021439|10307036|1|29.8900|29.8900
D|542021439|10307124|1|29.8900|29.8900
D|542021439|10307125|2|29.8900|59.7800
D|542021439|10307126|2|29.8900|59.7800
D|542021439|10307805|1|29.8900|29.8900
D|542021439|10314031|2|8.1400|16.2800
D|542021439|10314032|3|8.1400|24.4200
D|542021439|10314033|2|8.1400|16.2800
D|542021439|10314121|2|8.1400|16.2800
D|542021439|10314122|3|8.1400|24.4200
D|542021439|10314123|2|8.1400|16.2800
D|542021439|10314601|2|8.1400|16.2800
D|542021439|10314602|3|8.1400|24.4200
D|542021439|10314603|2|8.1400|16.2800
D|542021439|10314801|2|8.1400|16.2800
D|542021439|10314802|3|8.1400|24.4200
D|542021439|10314803|2|8.1400|16.2800
D|542021439|10326034|2|19.2100|38.4200
D|542021439|10326035|2|19.2100|38.4200
D|542021439|10326036|1|19.2100|19.2100
D|542021439|10326124|2|19.2100|38.4200
D|542021439|10326125|2|19.2100|38.4200
D|542021439|10326126|1|19.2100|19.2100
D|542021439|10326604|1|19.2100|19.2100
D|542021439|10326605|1|19.2100|19.2100
D|542021439|10326606|1|19.2100|19.2100
D|542021439|10326804|1|19.2100|19.2100
D|542021439|10326805|1|19.2100|19.2100
D|542021439|10326806|1|19.2100|19.2100
D|542021439|10330011|1|0.0000|0.0000
D|542021439|10330012|3|0.0000|0.0000
D|542021439|10330013|2|0.0000|0.0000
D|542021439|10330031|1|0.0000|0.0000
D|542021439|10330032|3|0.0000|0.0000
D|542021439|10330033|2|0.0000|0.0000
D|542021439|10330431|1|0.0000|0.0000
D|542021439|10330432|3|0.0000|0.0000
D|542021439|10330433|2|0.0000|0.0000
D|542021439|10330621|1|0.0000|0.0000
D|542021439|10330622|3|0.0000|0.0000
D|542021439|10330623|2|0.0000|0.0000
D|542021439|10330801|1|0.0000|0.0000
D|542021439|10330802|3|0.0000|0.0000
D|542021439|10330803|2|0.0000|0.0000
D|542021439|10332014|1|16.4500|16.4500
D|542021439|10332015|1|16.4500|16.4500
D|542021439|10332016|1|16.4500|16.4500
D|542021439|10332034|1|16.4500|16.4500
D|542021439|10332035|1|16.4500|16.4500
D|542021439|10332036|1|16.4500|16.4500
D|542021439|10332435|1|16.4500|16.4500
D|542021439|10332624|1|16.4500|16.4500
D|542021439|10332625|1|16.4500|16.4500
D|542021439|10332626|1|16.4500|16.4500
D|542021439|10332804|1|16.4500|16.4500
D|542021439|10332805|1|16.4500|16.4500
D|542021439|10332806|1|16.4500|16.4500
D|542021440|10010011|4|5.3200|21.2800
D|542021440|10010012|5|5.3200|26.6000
D|542021440|10010013|3|5.3200|15.9600
D|542021440|10010031|4|5.3200|21.2800
D|542021440|10010032|5|5.3200|26.6000
D|542021440|10010033|3|5.3200|15.9600
D|542021440|10010041|4|5.3200|21.2800
D|542021440|10010042|5|5.3200|26.6000
D|542021440|10010043|3|5.3200|15.9600
D|542021440|10010261|4|5.3200|21.2800
D|542021440|10010262|5|5.3200|26.6000
D|542021440|10010263|3|5.3200|15.9600
D|542021440|10010291|4|5.3200|21.2800
D|542021440|10010292|5|5.3200|26.6000
D|542021440|10010293|3|5.3200|15.9600
D|542021440|10010621|4|5.3200|21.2800
D|542021440|10010622|5|5.3200|26.6000
D|542021440|10010623|3|5.3200|15.9600
D|542021440|10013014|6|5.7900|34.7400
D|542021440|10013015|6|5.7900|34.7400
D|542021440|10013044|3|5.7900|17.3700
D|542021440|10013045|3|5.7900|17.3700
D|542021440|10013094|3|5.7900|17.3700
D|542021440|10013095|3|5.7900|17.3700
D|542021440|10013624|3|5.7900|17.3700
D|542021440|10013625|3|5.7900|17.3700
D|542021440|10026011|4|5.1300|20.5200
D|542021440|10026012|5|5.1300|25.6500
D|542021440|10026013|3|5.1300|15.3900
D|542021440|10026021|4|5.1300|20.5200
D|542021440|10026022|5|5.1300|25.6500
D|542021440|10026023|3|5.1300|15.3900
D|542021440|10026031|4|5.1300|20.5200
D|542021440|10026032|5|5.1300|25.6500
D|542021440|10026033|3|5.1300|15.3900
D|542021440|10026051|4|5.1300|20.5200
D|542021440|10026052|5|5.1300|25.6500
D|542021440|10026053|3|5.1300|15.3900
D|542021440|10026071|4|5.1300|20.5200
D|542021440|10026072|5|5.1300|25.6500
D|542021440|10026073|3|5.1300|15.3900
D|542021440|10026101|4|5.1300|20.5200
D|542021440|10026102|5|5.1300|25.6500
D|542021440|10026103|3|5.1300|15.3900
D|542021440|10026221|4|5.1300|20.5200
D|542021440|10026222|5|5.1300|25.6500
D|542021440|10026223|3|5.1300|15.3900
D|542021440|10026261|4|5.1300|20.5200
D|542021440|10026262|5|5.1300|25.6500
D|542021440|10026263|3|5.1300|15.3900
D|542021440|10026801|4|5.1300|20.5200
D|542021440|10026802|5|5.1300|25.6500
D|542021440|10026803|3|5.1300|15.3900
D|542021440|10029011|3|7.3400|22.0200
D|542021440|10029012|4|7.3400|29.3600
D|542021440|10029013|3|7.3400|22.0200
D|542021440|10029014|2|7.3400|14.6800
D|542021440|10029022|3|7.3400|22.0200
D|542021440|10029023|3|7.3400|22.0200
D|542021440|10029024|2|7.3400|14.6800
D|542021440|10029031|1|7.3400|7.3400
D|542021440|10029032|2|7.3400|14.6800
D|542021440|10029033|3|7.3400|22.0200
D|542021440|10029092|2|7.3400|14.6800
D|542021440|10029093|3|7.3400|22.0200
D|542021440|10041011|4|6.2300|24.9200
D|542021440|10041012|5|6.2300|31.1500
D|542021440|10041013|3|6.2300|18.6900
D|542021440|10041021|4|6.2300|24.9200
D|542021440|10041022|5|6.2300|31.1500
D|542021440|10041023|3|6.2300|18.6900
D|542021440|10041031|4|6.2300|24.9200
D|542021440|10041032|5|6.2300|31.1500
D|542021440|10041033|3|6.2300|18.6900
D|542021440|10041091|4|6.2300|24.9200
D|542021440|10041092|5|6.2300|31.1500
D|542021440|10041093|3|6.2300|18.6900
D|542021440|10041101|4|6.2300|24.9200
D|542021440|10041102|5|6.2300|31.1500
D|542021440|10041103|3|6.2300|18.6900
D|542021440|10041801|4|6.2300|24.9200
D|542021440|10041802|5|6.2300|31.1500
D|542021440|10041803|3|6.2300|18.6900
D|542021440|10045012|4|8.2400|32.9600
D|542021440|10045013|3|8.2400|24.7200
D|542021440|10045031|2|8.2400|16.4800
D|542021440|10045032|4|8.2400|32.9600
D|542021440|10045033|3|8.2400|24.7200
D|542021440|10045212|4|8.2400|32.9600
D|542021440|10045213|3|8.2400|24.7200
D|542021440|10045551|2|8.2400|16.4800
D|542021440|10045552|4|8.2400|32.9600
D|542021440|10045553|3|8.2400|24.7200
D|542021440|10045802|4|8.2400|32.9600
D|542021440|10045803|3|8.2400|24.7200
D|542021440|10056013|1|23.5200|23.5200
D|542021440|10056014|2|23.5200|47.0400
D|542021440|10056015|1|23.5200|23.5200
D|542021440|10056016|1|23.5200|23.5200
D|542021440|10056033|1|23.5200|23.5200
D|542021440|10056034|2|23.5200|47.0400
D|542021440|10056035|1|23.5200|23.5200
D|542021440|10056036|1|23.5200|23.5200
D|542021440|10056553|1|23.5200|23.5200
D|542021440|10056554|2|23.5200|47.0400
D|542021440|10056555|1|23.5200|23.5200
D|542021440|10056556|1|23.5200|23.5200
D|542021440|10056623|1|23.5200|23.5200
D|542021440|10056624|2|23.5200|47.0400
D|542021440|10056625|1|23.5200|23.5200
D|542021440|10056626|1|23.5200|23.5200
D|542021440|10056803|1|23.5200|23.5200
D|542021440|10056804|2|23.5200|47.0400
D|542021440|10056805|1|23.5200|23.5200
D|542021440|10056806|1|23.5200|23.5200
D|542021440|10060012|4|8.5500|34.2000
D|542021440|10060013|4|8.5500|34.2000
D|542021440|10060021|2|8.5500|17.1000
D|542021440|10060022|4|8.5500|34.2000
D|542021440|10060023|4|8.5500|34.2000
D|542021440|10060024|2|8.5500|17.1000
D|542021440|10060031|2|8.5500|17.1000
D|542021440|10060032|4|8.5500|34.2000
D|542021440|10060033|4|8.5500|34.2000
D|542021440|10060034|2|8.5500|17.1000
D|542021440|10060292|4|8.5500|34.2000
D|542021440|10060293|4|8.5500|34.2000
D|542021440|10061011|3|6.2300|18.6900
D|542021440|10061012|4|6.2300|24.9200
D|542021440|10061013|3|6.2300|18.6900
D|542021440|10061031|3|6.2300|18.6900
D|542021440|10061032|4|6.2300|24.9200
D|542021440|10061033|3|6.2300|18.6900
D|542021440|10061051|3|6.2300|18.6900
D|542021440|10061052|4|6.2300|24.9200
D|542021440|10061053|3|6.2300|18.6900
D|542021440|10061071|3|6.2300|18.6900
D|542021440|10061072|4|6.2300|24.9200
D|542021440|10061073|3|6.2300|18.6900
D|542021440|10061221|3|6.2300|18.6900
D|542021440|10061222|4|6.2300|24.9200
D|542021440|10061223|3|6.2300|18.6900
D|542021440|10061231|3|6.2300|18.6900
D|542021440|10061232|4|6.2300|24.9200
D|542021440|10061233|3|6.2300|18.6900
D|542021440|10061261|3|6.2300|18.6900
D|542021440|10061262|4|6.2300|24.9200
D|542021440|10061263|3|6.2300|18.6900
D|542021440|10062014|2|27.7400|55.4800
D|542021440|10062034|2|27.7400|55.4800
D|542021440|10062035|1|27.7400|27.7400
D|542021440|10062624|2|27.7400|55.4800
D|542021440|10062625|1|27.7400|27.7400
D|542021440|10062626|1|27.7400|27.7400
D|542021440|10062804|1|27.7400|27.7400
D|542021440|10062805|1|27.7400|27.7400
D|542021440|10062806|1|27.7400|27.7400
D|542021440|10064011|2|6.2300|12.4600
D|542021440|10064012|3|6.2300|18.6900
D|542021440|10064031|2|6.2300|12.4600
D|542021440|10064032|3|6.2300|18.6900
D|542021440|10064033|2|6.2300|12.4600
D|542021440|10064101|2|6.2300|12.4600
D|542021440|10064102|3|6.2300|18.6900
D|542021440|10064103|1|6.2300|6.2300
D|542021440|10064221|2|6.2300|12.4600
D|542021440|10064222|3|6.2300|18.6900
D|542021440|10064223|2|6.2300|12.4600
D|542021440|10064261|2|6.2300|12.4600
D|542021440|10064262|3|6.2300|18.6900
D|542021440|10064621|2|6.2300|12.4600
D|542021440|10064622|3|6.2300|18.6900
D|542021440|10064623|2|6.2300|12.4600
D|542021440|10064801|2|6.2300|12.4600
D|542021440|10064802|3|6.2300|18.6900
D|542021440|10064803|2|6.2300|12.4600
D|542021440|10089012|2|10.8600|21.7200
D|542021440|10089013|2|10.8600|21.7200
D|542021440|10089022|2|10.8600|21.7200
D|542021440|10089023|2|10.8600|21.7200
D|542021440|10089032|2|10.8600|21.7200
D|542021440|10089033|2|10.8600|21.7200
D|542021440|10089432|2|10.8600|21.7200
D|542021440|10089433|2|10.8600|21.7200
D|542021440|10112035|1|38.1400|38.1400
D|542021440|10112036|2|38.1400|76.2800
D|542021440|10112627|1|38.1400|38.1400
D|542021440|10112805|1|38.1400|38.1400
D|542021440|10112806|2|38.1400|76.2800
D|542021440|10112807|1|38.1400|38.1400
D|542021440|10140011|4|5.8300|23.3200
D|542021440|10140012|5|5.8300|29.1500
D|542021440|10140031|4|5.8300|23.3200
D|542021440|10140032|5|5.8300|29.1500
D|542021440|10140033|2|5.8300|11.6600
D|542021440|10140101|4|5.8300|23.3200
D|542021440|10140102|5|5.8300|29.1500
D|542021440|10140551|4|5.8300|23.3200
D|542021440|10140552|5|5.8300|29.1500
D|542021440|10140621|4|5.8300|23.3200
D|542021440|10140622|5|5.8300|29.1500
D|542021440|10140623|2|5.8300|11.6600
D|542021440|10140801|4|5.8300|23.3200
D|542021440|10140802|5|5.8300|29.1500
D|542021440|10140803|2|5.8300|11.6600
D|542021440|10156011|3|7.6500|22.9500
D|542021440|10156012|4|7.6500|30.6000
D|542021440|10156013|4|7.6500|30.6000
D|542021440|10156031|3|7.6500|22.9500
D|542021440|10156032|4|7.6500|30.6000
D|542021440|10156033|4|7.6500|30.6000
D|542021440|10156431|3|7.6500|22.9500
D|542021440|10156432|4|7.6500|30.6000
D|542021440|10156433|4|7.6500|30.6000
D|542021440|10156801|3|7.6500|22.9500
D|542021440|10156802|4|7.6500|30.6000
D|542021440|10156803|4|7.6500|30.6000
D|542021440|10185011|2|6.9400|13.8800
D|542021440|10185012|4|6.9400|27.7600
D|542021440|10185041|3|6.9400|20.8200
D|542021440|10185042|4|6.9400|27.7600
D|542021440|10185091|1|6.9400|6.9400
D|542021440|10185092|4|6.9400|27.7600
D|542021440|10185121|3|6.9400|20.8200
D|542021440|10185122|4|6.9400|27.7600
D|542021440|10186013|1|32.0200|32.0200
D|542021440|10186014|1|32.0200|32.0200
D|542021440|10186093|1|32.0200|32.0200
D|542021440|10186094|1|32.0200|32.0200
D|542021440|10186095|1|32.0200|32.0200
D|542021440|10186096|1|32.0200|32.0200
D|542021440|10186125|1|32.0200|32.0200
D|542021440|10186126|1|32.0200|32.0200
D|542021440|10188011|2|5.7100|11.4200
D|542021440|10188012|3|5.7100|17.1300
D|542021440|10188013|3|5.7100|17.1300
D|542021440|10188031|2|5.7100|11.4200
D|542021440|10188032|3|5.7100|17.1300
D|542021440|10188033|3|5.7100|17.1300
D|542021440|10188551|2|5.7100|11.4200
D|542021440|10188552|3|5.7100|17.1300
D|542021440|10188553|3|5.7100|17.1300
D|542021440|10188621|2|5.7100|11.4200
D|542021440|10188622|3|5.7100|17.1300
D|542021440|10188623|3|5.7100|17.1300
D|542021440|10188801|2|5.7100|11.4200
D|542021440|10188802|3|5.7100|17.1300
D|542021440|10188803|3|5.7100|17.1300
D|542021440|10197022|3|21.1700|63.5100
D|542021440|10197023|3|21.1700|63.5100
D|542021440|10197024|2|21.1700|42.3400
D|542021440|10197032|2|21.1700|42.3400
D|542021440|10197033|2|21.1700|42.3400
D|542021440|10197034|2|21.1700|42.3400
D|542021440|10200011|4|7.2100|28.8400
D|542021440|10200012|5|7.2100|36.0500
D|542021440|10200013|3|7.2100|21.6300
D|542021440|10200031|4|7.2100|28.8400
D|542021440|10200032|5|7.2100|36.0500
D|542021440|10200033|3|7.2100|21.6300
D|542021440|10200051|4|7.2100|28.8400
D|542021440|10200052|5|7.2100|36.0500
D|542021440|10200053|3|7.2100|21.6300
D|542021440|10200091|4|7.2100|28.8400
D|542021440|10200092|5|7.2100|36.0500
D|542021440|10200093|3|7.2100|21.6300
D|542021440|10200181|4|7.2100|28.8400
D|542021440|10200182|5|7.2100|36.0500
D|542021440|10200183|3|7.2100|21.6300
D|542021440|10200431|4|7.2100|28.8400
D|542021440|10200432|5|7.2100|36.0500
D|542021440|10200433|3|7.2100|21.6300
D|542021440|10201011|3|6.8500|20.5500
D|542021440|10201012|3|6.8500|20.5500
D|542021440|10201041|3|6.8500|20.5500
D|542021440|10201042|3|6.8500|20.5500
D|542021440|10201091|3|6.8500|20.5500
D|542021440|10201092|3|6.8500|20.5500
D|542021440|10201121|3|6.8500|20.5500
D|542021440|10201122|3|6.8500|20.5500
D|542021440|10202093|1|27.7500|27.7500
D|542021440|10202094|1|27.7500|27.7500
D|542021440|10202095|1|27.7500|27.7500
D|542021440|10202096|1|27.7500|27.7500
D|542021440|10202123|1|27.7500|27.7500
D|542021440|10202124|1|27.7500|27.7500
D|542021440|10205032|5|13.5600|67.8000
D|542021440|10205033|5|13.5600|67.8000
D|542021440|10205034|2|13.5600|27.1200
D|542021440|10205122|5|13.5600|67.8000
D|542021440|10205123|5|13.5600|67.8000
D|542021440|10205124|2|13.5600|27.1200
D|542021440|10206021|2|50.5500|101.1000
D|542021440|10206022|3|50.5500|151.6500
D|542021440|10206023|2|50.5500|101.1000
D|542021440|10206024|1|50.5500|50.5500
D|542021440|10206031|2|50.5500|101.1000
D|542021440|10206032|3|50.5500|151.6500
D|542021440|10206033|2|50.5500|101.1000
D|542021440|10206034|1|50.5500|50.5500
D|542021440|10211561|3|6.1300|18.3900
D|542021440|10211562|3|6.1300|18.3900
D|542021440|10211563|2|6.1300|12.2600
D|542021440|10211641|3|6.1300|18.3900
D|542021440|10211642|3|6.1300|18.3900
D|542021440|10211643|2|6.1300|12.2600
D|542021440|10211651|3|6.1300|18.3900
D|542021440|10211652|3|6.1300|18.3900
D|542021440|10211653|2|6.1300|12.2600
D|542021440|10211661|3|6.1300|18.3900
D|542021440|10211662|3|6.1300|18.3900
D|542021440|10211663|2|6.1300|12.2600
D|542021440|10213021|2|21.1700|42.3400
D|542021440|10213022|2|21.1700|42.3400
D|542021440|10213023|1|21.1700|21.1700
D|542021440|10213032|2|21.1700|42.3400
D|542021440|10213033|1|21.1700|21.1700
D|542021440|10223031|3|6.9400|20.8200
D|542021440|10223032|4|6.9400|27.7600
D|542021440|10223033|3|6.9400|20.8200
D|542021440|10223431|3|6.9400|20.8200
D|542021440|10223432|4|6.9400|27.7600
D|542021440|10223433|3|6.9400|20.8200
D|542021440|10223551|3|6.9400|20.8200
D|542021440|10223552|4|6.9400|27.7600
D|542021440|10223553|3|6.9400|20.8200
D|542021440|10224215|1|25.6200|25.6200
D|542021440|10224216|1|25.6200|25.6200
D|542021440|10224235|1|25.6200|25.6200
D|542021440|10225211|2|7.0300|14.0600
D|542021440|10225212|2|7.0300|14.0600
D|542021440|10225213|2|7.0300|14.0600
D|542021440|10225231|2|7.0300|14.0600
D|542021440|10225232|2|7.0300|14.0600
D|542021440|10225233|2|7.0300|14.0600
D|542021440|10225331|2|7.0300|14.0600
D|542021440|10225332|2|7.0300|14.0600
D|542021440|10225333|2|7.0300|14.0600
D|542021440|10229031|1|18.2900|18.2900
D|542021440|10229032|2|18.2900|36.5800
D|542021440|10229033|2|18.2900|36.5800
D|542021440|10229034|1|18.2900|18.2900
D|542021440|10229621|1|18.2900|18.2900
D|542021440|10229622|2|18.2900|36.5800
D|542021440|10229623|2|18.2900|36.5800
D|542021440|10229624|1|18.2900|18.2900
D|542021440|10231032|2|14.9400|29.8800
D|542021440|10231033|2|14.9400|29.8800
D|542021440|10231034|1|14.9400|14.9400
D|542021440|10231621|2|14.9400|29.8800
D|542021440|10231622|2|14.9400|29.8800
D|542021440|10231623|2|14.9400|29.8800
D|542021440|10231624|1|14.9400|14.9400
D|542021440|10260012|2|10.6700|21.3400
D|542021440|10260013|2|10.6700|21.3400
D|542021440|10260014|2|10.6700|21.3400
D|542021440|10260602|2|10.6700|21.3400
D|542021440|10260603|2|10.6700|21.3400
D|542021440|10260604|2|10.6700|21.3400
D|542021440|10260622|2|10.6700|21.3400
D|542021440|10260623|2|10.6700|21.3400
D|542021440|10260624|2|10.6700|21.3400
D|542021440|10269022|2|28.0100|56.0200
D|542021440|10269023|2|28.0100|56.0200
D|542021440|10269024|2|28.0100|56.0200
D|542021440|10269032|1|28.0100|28.0100
D|542021440|10269033|1|28.0100|28.0100
D|542021440|10269034|1|28.0100|28.0100
D|542021440|10273011|4|7.5600|30.2400
D|542021440|10273012|5|7.5600|37.8000
D|542021440|10273013|4|7.5600|30.2400
D|542021440|10273031|4|7.5600|30.2400
D|542021440|10273032|5|7.5600|37.8000
D|542021440|10273033|4|7.5600|30.2400
D|542021440|10273041|4|7.5600|30.2400
D|542021440|10273042|5|7.5600|37.8000
D|542021440|10273043|4|7.5600|30.2400
D|542021440|10273431|4|7.5600|30.2400
D|542021440|10273432|5|7.5600|37.8000
D|542021440|10273433|4|7.5600|30.2400
D|542021440|10273551|4|7.5600|30.2400
D|542021440|10273552|5|7.5600|37.8000
D|542021440|10273553|4|7.5600|30.2400
D|542021440|10276011|2|7.2100|14.4200
D|542021440|10276012|3|7.2100|21.6300
D|542021440|10276013|2|7.2100|14.4200
D|542021440|10276031|2|7.2100|14.4200
D|542021440|10276032|3|7.2100|21.6300
D|542021440|10276033|2|7.2100|14.4200
D|542021440|10276092|3|7.2100|21.6300
D|542021440|10276093|2|7.2100|14.4200
D|542021440|10276601|1|7.2100|7.2100
D|542021440|10276602|3|7.2100|21.6300
D|542021440|10276603|2|7.2100|14.4200
D|542021440|10276621|3|7.2100|21.6300
D|542021440|10276622|3|7.2100|21.6300
D|542021440|10276623|2|7.2100|14.4200
D|542021440|10288011|2|8.0100|16.0200
D|542021440|10288012|2|8.0100|16.0200
D|542021440|10288013|2|8.0100|16.0200
D|542021440|10288031|2|8.0100|16.0200
D|542021440|10288032|3|8.0100|24.0300
D|542021440|10288033|2|8.0100|16.0200
D|542021440|10288431|2|8.0100|16.0200
D|542021440|10288432|2|8.0100|16.0200
D|542021440|10288433|2|8.0100|16.0200
D|542021440|10288551|2|8.0100|16.0200
D|542021440|10288552|2|8.0100|16.0200
D|542021440|10288553|2|8.0100|16.0200
D|542021440|10288603|2|8.0100|16.0200
D|542021440|10288803|2|8.0100|16.0200
D|542021440|10290035|1|28.4600|28.4600
D|542021440|10290036|1|28.4600|28.4600
D|542021440|10290805|1|28.4600|28.4600
D|542021440|10290806|1|28.4600|28.4600
D|542021440|10291012|4|11.7400|46.9600
D|542021440|10291013|4|11.7400|46.9600
D|542021440|10291031|2|11.7400|23.4800
D|542021440|10291032|4|11.7400|46.9600
D|542021440|10291033|4|11.7400|46.9600
D|542021440|10291801|2|11.7400|23.4800
D|542021440|10291802|4|11.7400|46.9600
D|542021440|10291803|4|11.7400|46.9600
D|542021440|10293011|2|8.2700|16.5400
D|542021440|10293012|4|8.2700|33.0800
D|542021440|10293013|3|8.2700|24.8100
D|542021440|10293031|2|8.2700|16.5400
D|542021440|10293032|4|8.2700|33.0800
D|542021440|10293033|3|8.2700|24.8100
D|542021440|10293551|2|8.2700|16.5400
D|542021440|10293552|4|8.2700|33.0800
D|542021440|10293553|3|8.2700|24.8100
D|542021440|10293811|2|8.2700|16.5400
D|542021440|10293812|4|8.2700|33.0800
D|542021440|10293813|3|8.2700|24.8100
D|542021440|10296031|2|8.2700|16.5400
D|542021440|10296032|3|8.2700|24.8100
D|542021440|10296033|3|8.2700|24.8100
D|542021440|10296441|2|8.2700|16.5400
D|542021440|10296442|3|8.2700|24.8100
D|542021440|10296443|3|8.2700|24.8100
D|542021440|10296551|2|8.2700|16.5400
D|542021440|10296552|3|8.2700|24.8100
D|542021440|10296553|3|8.2700|24.8100
D|542021440|10296801|2|8.2700|16.5400
D|542021440|10296802|3|8.2700|24.8100
D|542021440|10296803|3|8.2700|24.8100
D|542021440|10297035|1|27.7500|27.7500
D|542021440|10297445|1|27.7500|27.7500
D|542021440|10297805|1|27.7500|27.7500
D|542021440|10298011|3|7.9200|23.7600
D|542021440|10298012|3|7.9200|23.7600
D|542021440|10298013|3|7.9200|23.7600
D|542021440|10298031|3|7.9200|23.7600
D|542021440|10298032|3|7.9200|23.7600
D|542021440|10298033|3|7.9200|23.7600
D|542021440|10298551|2|7.9200|15.8400
D|542021440|10298552|3|7.9200|23.7600
D|542021440|10298553|3|7.9200|23.7600
D|542021440|10298812|3|7.9200|23.7600
D|542021440|10298813|3|7.9200|23.7600
D|542021440|10304012|3|8.9700|26.9100
D|542021440|10304013|2|8.9700|17.9400
D|542021440|10304092|3|8.9700|26.9100
D|542021440|10304093|2|8.9700|17.9400
D|542021440|10304621|2|8.9700|17.9400
D|542021440|10304622|3|8.9700|26.9100
D|542021440|10304623|2|8.9700|17.9400
D|542021440|10306031|3|8.0100|24.0300
D|542021440|10306032|4|8.0100|32.0400
D|542021440|10306033|3|8.0100|24.0300
D|542021440|10306121|3|8.0100|24.0300
D|542021440|10306122|4|8.0100|32.0400
D|542021440|10306123|3|8.0100|24.0300
D|542021440|10306601|3|8.0100|24.0300
D|542021440|10306602|4|8.0100|32.0400
D|542021440|10306603|3|8.0100|24.0300
D|542021440|10306801|3|8.0100|24.0300
D|542021440|10306802|4|8.0100|32.0400
D|542021440|10310031|1|70.1200|70.1200
D|542021440|10310032|1|70.1200|70.1200
D|542021440|10310033|1|70.1200|70.1200
D|542021440|10310034|1|70.1200|70.1200
D|542021440|10310621|1|70.1200|70.1200
D|542021440|10310622|1|70.1200|70.1200
D|542021440|10310623|1|70.1200|70.1200
D|542021440|10310624|1|70.1200|70.1200
D|542021440|10312031|2|62.3500|124.7000
D|542021440|10312032|2|62.3500|124.7000
D|542021440|10312034|1|62.3500|62.3500
D|542021440|10312621|2|62.3500|124.7000
D|542021440|10312622|2|62.3500|124.7000
D|542021440|10312623|2|62.3500|124.7000
D|542021440|10312624|1|62.3500|62.3500
D|542021440|10313031|3|8.6200|25.8600
D|542021440|10313032|4|8.6200|34.4800
D|542021440|10313033|3|8.6200|25.8600
D|542021440|10313121|3|8.6200|25.8600
D|542021440|10313122|4|8.6200|34.4800
D|542021440|10313123|3|8.6200|25.8600
D|542021440|10313601|3|8.6200|25.8600
D|542021440|10313602|4|8.6200|34.4800
D|542021440|10313603|3|8.6200|25.8600
D|542021440|10313801|3|8.6200|25.8600
D|542021440|10313802|4|8.6200|34.4800
D|542021440|10313803|3|8.6200|25.8600
D|542021440|10314031|2|8.1400|16.2800
D|542021440|10314032|3|8.1400|24.4200
D|542021440|10314033|2|8.1400|16.2800
D|542021440|10314121|2|8.1400|16.2800
D|542021440|10314122|3|8.1400|24.4200
D|542021440|10314123|2|8.1400|16.2800
D|542021440|10314601|2|8.1400|16.2800
D|542021440|10314602|3|8.1400|24.4200
D|542021440|10314603|2|8.1400|16.2800
D|542021440|10314801|2|8.1400|16.2800
D|542021440|10314802|3|8.1400|24.4200
D|542021440|10314803|2|8.1400|16.2800
D|542021440|10315011|1|10.3800|10.3800
D|542021440|10315012|4|10.3800|41.5200
D|542021440|10315013|4|10.3800|41.5200
D|542021440|10315031|1|10.3800|10.3800
D|542021440|10315032|4|10.3800|41.5200
D|542021440|10315033|4|10.3800|41.5200
D|542021440|10315431|2|10.3800|20.7600
D|542021440|10315432|4|10.3800|41.5200
D|542021440|10315433|4|10.3800|41.5200
D|542021440|10315622|4|10.3800|41.5200
D|542021440|10315623|4|10.3800|41.5200
D|542021440|10315802|4|10.3800|41.5200
D|542021440|10315803|4|10.3800|41.5200
D|542021440|10326035|1|19.2100|19.2100
D|542021440|10326036|1|19.2100|19.2100
D|542021440|10326125|1|19.2100|19.2100
D|542021440|10326126|1|19.2100|19.2100
D|542021440|10326605|1|19.2100|19.2100
D|542021440|10326606|1|19.2100|19.2100
D|542021440|10326805|1|19.2100|19.2100
D|542021440|10326806|1|19.2100|19.2100
D|542021440|10327561|3|8.4000|25.2000
D|542021440|10327562|4|8.4000|33.6000
D|542021440|10327563|3|8.4000|25.2000
D|542021440|10327641|3|8.4000|25.2000
D|542021440|10327642|4|8.4000|33.6000
D|542021440|10327643|3|8.4000|25.2000
D|542021440|10327651|3|8.4000|25.2000
D|542021440|10327652|4|8.4000|33.6000
D|542021440|10327653|3|8.4000|25.2000
D|542021440|10327661|3|8.4000|25.2000
D|542021440|10327662|4|8.4000|33.6000
D|542021440|10327663|3|8.4000|25.2000
D|542021440|10328564|1|20.1300|20.1300
D|542021440|10328565|1|20.1300|20.1300
D|542021440|10328644|1|20.1300|20.1300
D|542021440|10328645|1|20.1300|20.1300
D|542021440|10328654|1|20.1300|20.1300
D|542021440|10328655|1|20.1300|20.1300
D|542021440|10328664|1|20.1300|20.1300
D|542021440|10328665|1|20.1300|20.1300
D|542021440|10329011|4|9.4600|37.8400
D|542021440|10329012|5|9.4600|47.3000
D|542021440|10329013|4|9.4600|37.8400
D|542021440|10329091|4|9.4600|37.8400
D|542021440|10329092|5|9.4600|47.3000
D|542021440|10329093|4|9.4600|37.8400
D|542021440|10329121|4|9.4600|37.8400
D|542021440|10329122|5|9.4600|47.3000
D|542021440|10329123|4|9.4600|37.8400
D|542021440|10330011|3|0.0000|0.0000
D|542021440|10330012|5|0.0000|0.0000
D|542021440|10330013|4|0.0000|0.0000
D|542021440|10330031|3|0.0000|0.0000
D|542021440|10330032|5|0.0000|0.0000
D|542021440|10330033|4|0.0000|0.0000
D|542021440|10330431|3|0.0000|0.0000
D|542021440|10330432|5|0.0000|0.0000
D|542021440|10330433|4|0.0000|0.0000
D|542021440|10330621|3|0.0000|0.0000
D|542021440|10330622|5|0.0000|0.0000
D|542021440|10330623|4|0.0000|0.0000
D|542021440|10330801|3|0.0000|0.0000
D|542021440|10330802|5|0.0000|0.0000
D|542021440|10330803|4|0.0000|0.0000
D|542021440|10332015|1|16.4500|16.4500
D|542021440|10332016|1|16.4500|16.4500
D|542021440|10332035|1|16.4500|16.4500
D|542021440|10332036|1|16.4500|16.4500
D|542021440|10332435|1|16.4500|16.4500
D|542021440|10332436|1|16.4500|16.4500
D|542021440|10332625|1|16.4500|16.4500
D|542021440|10332626|1|16.4500|16.4500
D|542021440|10332805|1|16.4500|16.4500
D|542021440|10332806|1|16.4500|16.4500
D|542021441|10140031|4|5.8300|23.3200
D|542021441|10140032|4|5.8300|23.3200
D|542021441|10140033|4|5.8300|23.3200
D|542021441|10140071|4|5.8300|23.3200
D|542021441|10140072|4|5.8300|23.3200
D|542021441|10140073|4|5.8300|23.3200
D|542021441|10140101|4|5.8300|23.3200
D|542021441|10140102|4|5.8300|23.3200
D|542021441|10140103|4|5.8300|23.3200
D|542021441|10140281|4|5.8300|23.3200
D|542021441|10140282|4|5.8300|23.3200
D|542021441|10140283|4|5.8300|23.3200
D|542021441|10140551|4|5.8300|23.3200
D|542021441|10140552|4|5.8300|23.3200
D|542021441|10140553|4|5.8300|23.3200
D|542021441|10140621|4|5.8300|23.3200
D|542021441|10140622|4|5.8300|23.3200
D|542021441|10140623|4|5.8300|23.3200
D|542021441|10140801|2|5.8300|11.6600
D|542021441|10140802|2|5.8300|11.6600
D|542021441|10140803|2|5.8300|11.6600
D|542021441|10188031|6|5.7100|34.2600
D|542021441|10188032|6|5.7100|34.2600
D|542021441|10188033|6|5.7100|34.2600
D|542021441|10188551|6|5.7100|34.2600
D|542021441|10188552|6|5.7100|34.2600
D|542021441|10188553|6|5.7100|34.2600
D|542021441|10188621|6|5.7100|34.2600
D|542021441|10188622|6|5.7100|34.2600
D|542021441|10188623|6|5.7100|34.2600
D|542021441|10188801|6|5.7100|34.2600
D|542021441|10188802|6|5.7100|34.2600
D|542021441|10188803|6|5.7100|34.2600
D|542021441|10219031|8|6.7500|54.0000
D|542021441|10219032|8|6.7500|54.0000
D|542021441|10219033|8|6.7500|54.0000
D|542021441|10219211|8|6.7500|54.0000
D|542021441|10219212|8|6.7500|54.0000
D|542021441|10219213|8|6.7500|54.0000
D|542021441|10219551|8|6.7500|54.0000
D|542021441|10219552|8|6.7500|54.0000
D|542021441|10219553|8|6.7500|54.0000
D|542021441|10225211|6|7.0300|42.1800
D|542021441|10225212|6|7.0300|42.1800
D|542021441|10225213|6|7.0300|42.1800
D|542021441|10225231|6|7.0300|42.1800
D|542021441|10225232|6|7.0300|42.1800
D|542021441|10225233|6|7.0300|42.1800
D|542021441|10225261|6|7.0300|42.1800
D|542021441|10225262|6|7.0300|42.1800
D|542021441|10225263|6|7.0300|42.1800
D|542021441|10225331|6|7.0300|42.1800
D|542021441|10225332|6|7.0300|42.1800
D|542021441|10225333|6|7.0300|42.1800
D|542021441|10295031|8|6.4900|51.9200
D|542021441|10295032|8|6.4900|51.9200
D|542021441|10295033|8|6.4900|51.9200
D|542021441|10295101|8|6.4900|51.9200
D|542021441|10295102|8|6.4900|51.9200
D|542021441|10295103|8|6.4900|51.9200
D|542021441|10295801|8|6.4900|51.9200
D|542021441|10295802|8|6.4900|51.9200
D|542021441|10295803|8|6.4900|51.9200
D|542021441|10296031|9|8.2700|74.4300
D|542021441|10296032|9|8.2700|74.4300
D|542021441|10296033|9|8.2700|74.4300
D|542021441|10296441|9|8.2700|74.4300
D|542021441|10296442|9|8.2700|74.4300
D|542021441|10296443|9|8.2700|74.4300
D|542021441|10296551|9|8.2700|74.4300
D|542021441|10296552|9|8.2700|74.4300
D|542021441|10296553|9|8.2700|74.4300
D|542021441|10296801|9|8.2700|74.4300
D|542021441|10296802|9|8.2700|74.4300
D|542021441|10296803|9|8.2700|74.4300
D|542021441|10306031|6|8.0100|48.0600
D|542021441|10306032|6|8.0100|48.0600
D|542021441|10306033|6|8.0100|48.0600
D|542021441|10306121|6|8.0100|48.0600
D|542021441|10306122|6|8.0100|48.0600
D|542021441|10306123|6|8.0100|48.0600
D|542021441|10306601|6|8.0100|48.0600
D|542021441|10306602|6|8.0100|48.0600
D|542021441|10306603|6|8.0100|48.0600
D|542021441|10306801|6|8.0100|48.0600
D|542021441|10306802|6|8.0100|48.0600
D|542021441|10306803|6|8.0100|48.0600
D|542021441|10313031|6|8.6200|51.7200
D|542021441|10313032|6|8.6200|51.7200
D|542021441|10313033|6|8.6200|51.7200
D|542021441|10313121|6|8.6200|51.7200
D|542021441|10313122|6|8.6200|51.7200
D|542021441|10313123|6|8.6200|51.7200
D|542021441|10313601|6|8.6200|51.7200
D|542021441|10313602|6|8.6200|51.7200
D|542021441|10313603|6|8.6200|51.7200
D|542021441|10313801|6|8.6200|51.7200
D|542021441|10313802|6|8.6200|51.7200
D|542021441|10313803|6|8.6200|51.7200
D|542021441|10314031|6|8.1400|48.8400
D|542021441|10314032|6|8.1400|48.8400
D|542021441|10314033|6|8.1400|48.8400
D|542021441|10314121|6|8.1400|48.8400
D|542021441|10314122|6|8.1400|48.8400
D|542021441|10314123|6|8.1400|48.8400
D|542021441|10314601|6|8.1400|48.8400
D|542021441|10314602|6|8.1400|48.8400
D|542021441|10314603|6|8.1400|48.8400
D|542021441|10314801|6|8.1400|48.8400
D|542021441|10314802|6|8.1400|48.8400
D|542021441|10314803|6|8.1400|48.8400
D|542021441|10315031|6|10.3800|62.2800
D|542021441|10315032|6|10.3800|62.2800
D|542021441|10315033|6|10.3800|62.2800
D|542021441|10315431|6|10.3800|62.2800
D|542021441|10315432|6|10.3800|62.2800
D|542021441|10315433|6|10.3800|62.2800
D|542021441|10315621|6|10.3800|62.2800
D|542021441|10315622|6|10.3800|62.2800
D|542021441|10315623|6|10.3800|62.2800
D|542021441|10315801|6|10.3800|62.2800
D|542021441|10315802|6|10.3800|62.2800
D|542021441|10315803|6|10.3800|62.2800
D|542021442|10206021|1|50.5500|50.5500
D|542021442|10206022|1|50.5500|50.5500
D|542021442|10206023|2|50.5500|101.1000
D|542021442|10206032|1|50.5500|50.5500
D|542021442|10206033|1|50.5500|50.5500
D|542021442|10211562|2|6.1300|12.2600
D|542021442|10211563|1|6.1300|6.1300
D|542021442|10211651|1|6.1300|6.1300
D|542021442|10211652|3|6.1300|18.3900
D|542021442|10211662|2|6.1300|12.2600
D|542021442|10211663|1|6.1300|6.1300
D|542021442|10243033|1|51.2300|51.2300
D|542021442|10260012|2|10.6700|21.3400
D|542021442|10260013|2|10.6700|21.3400
D|542021442|10260014|1|10.6700|10.6700
D|542021442|10260602|1|10.6700|10.6700
D|542021442|10260603|1|10.6700|10.6700
D|542021442|10260604|1|10.6700|10.6700
D|542021442|10260622|3|10.6700|32.0100
D|542021442|10260623|3|10.6700|32.0100
D|542021442|10260624|3|10.6700|32.0100
D|542021442|10288801|2|8.0100|16.0200
D|542021442|10288802|3|8.0100|24.0300
D|542021442|10288803|3|8.0100|24.0300
D|542021442|10290014|1|28.4600|28.4600
D|542021442|10290016|1|28.4600|28.4600
D|542021442|10290034|2|28.4600|56.9200
D|542021442|10290806|1|28.4600|28.4600
D|542021442|10291032|2|11.7400|23.4800
D|542021442|10291803|1|11.7400|11.7400
D|542021442|10296031|2|8.2700|16.5400
D|542021442|10296033|1|8.2700|8.2700
D|542021442|10312031|1|62.3500|62.3500
D|542021442|10312032|1|62.3500|62.3500
D|542021442|10312622|2|62.3500|124.7000
D|542021442|10315013|1|10.3800|10.3800
D|542021442|10315031|1|10.3800|10.3800
D|542021442|10315032|2|10.3800|20.7600
D|542021442|10315033|1|10.3800|10.3800
D|542021442|10315431|1|10.3800|10.3800
D|542021442|10315433|2|10.3800|20.7600
D|542021442|10315621|1|10.3800|10.3800
D|542021442|10315623|2|10.3800|20.7600
D|542021442|10315801|1|10.3800|10.3800
D|542021442|10315803|2|10.3800|20.7600
