F|2023-01-17|54
C|542020925|101927|04|precio9|4117.01|0.0000|4117.01|741.06|4858.07|1|GENERADO|2023-01-17|54|0|0|0.0000
C|542020926|CATA13576|04|precio8|0.00|0.0000|0.00|0.00|0.00|0|GENERADO|2023-01-17|54|0|0|0.0000
C|542020927|1012044|04|precio9|3203.38|0.0000|3203.38|576.61|3779.99|11|GENERADO|2023-01-17|54|0|0|0.0000
C|542020928|100760|04|precio9|0.00|0.0000|0.00|0.00|0.00|0|GENERADO|2023-01-17|54|0|0|0.0000
C|542020929|100760|04|precio9|7085.30|0.0000|7085.30|1275.35|8360.65|9|GENERADO|2023-01-17|54|0|0|0.0000
D|542020925|10026011|2|5.1300|10.2600
D|542020925|10026012|2|5.1300|10.2600
D|542020925|10026013|2|5.1300|10.2600
D|542020925|10026021|2|5.1300|10.2600
D|542020925|10026022|2|5.1300|10.2600
D|542020925|10026023|2|5.1300|10.2600
D|542020925|10026031|2|5.1300|10.2600
D|542020925|10026032|2|5.1300|10.2600
D|542020925|10026033|2|5.1300|10.2600
D|542020925|10026101|2|5.1300|10.2600
D|542020925|10026102|2|5.1300|10.2600
D|542020925|10026103|2|5.1300|10.2600
D|542020925|10026261|2|5.1300|10.2600
D|542020925|10026262|2|5.1300|10.2600
D|542020925|10026263|2|5.1300|10.2600
D|542020925|10026801|2|5.1300|10.2600
D|542020925|10026802|2|5.1300|10.2600
D|542020925|10026803|2|5.1300|10.2600
D|542020925|10029011|3|7.3400|22.0200
D|542020925|10029012|3|7.3400|22.0200
D|542020925|10029013|3|7.3400|22.0200
D|542020925|10029014|3|7.3400|22.0200
D|542020925|10029021|3|7.3400|22.0200
D|542020925|10029022|3|7.3400|22.0200
D|542020925|10029023|3|7.3400|22.0200
D|542020925|10029024|3|7.3400|22.0200
D|542020925|10029031|3|7.3400|22.0200
D|542020925|10029032|3|7.3400|22.0200
D|542020925|10029033|3|7.3400|22.0200
D|542020925|10029034|3|7.3400|22.0200
D|542020925|10029091|3|7.3400|22.0200
D|542020925|10029092|3|7.3400|22.0200
D|542020925|10029093|3|7.3400|22.0200
D|542020925|10029094|3|7.3400|22.0200
D|542020925|10041011|2|6.2300|12.4600
D|542020925|10041012|2|6.2300|12.4600
D|542020925|10041013|2|6.2300|12.4600
D|542020925|10041014|2|6.2300|12.4600
D|542020925|10041021|2|6.2300|12.4600
D|542020925|10041022|2|6.2300|12.4600
D|542020925|10041023|2|6.2300|12.4600
D|542020925|10041024|2|6.2300|12.4600
D|542020925|10041031|2|6.2300|12.4600
D|542020925|10041032|2|6.2300|12.4600
D|542020925|10041033|2|6.2300|12.4600
D|542020925|10041034|2|6.2300|12.4600
D|542020925|10041091|2|6.2300|12.4600
D|542020925|10041092|2|6.2300|12.4600
D|542020925|10041093|2|6.2300|12.4600
D|542020925|10041094|2|6.2300|12.4600
D|542020925|10041101|2|6.2300|12.4600
D|542020925|10041102|2|6.2300|12.4600
D|542020925|10041103|2|6.2300|12.4600
D|542020925|10041104|2|6.2300|12.4600
D|542020925|10041801|2|6.2300|12.4600
D|542020925|10041802|2|6.2300|12.4600
D|542020925|10041803|2|6.2300|12.4600
D|542020925|10041804|2|6.2300|12.4600
D|542020925|10045011|2|8.2400|16.4800
D|542020925|10045012|2|8.2400|16.4800
D|542020925|10045013|2|8.2400|16.4800
D|542020925|10045031|2|8.2400|16.4800
D|542020925|10045032|2|8.2400|16.4800
D|542020925|10045033|2|8.2400|16.4800
D|542020925|10045211|2|8.2400|16.4800
D|542020925|10045212|2|8.2400|16.4800
D|542020925|10045213|2|8.2400|16.4800
D|542020925|10045551|2|8.2400|16.4800
D|542020925|10045552|2|8.2400|16.4800
D|542020925|10045553|2|8.2400|16.4800
D|542020925|10045801|2|8.2400|16.4800
D|542020925|10045802|2|8.2400|16.4800
D|542020925|10045803|2|8.2400|16.4800
D|542020925|10060011|3|8.5500|25.6500
D|542020925|10060012|3|8.5500|25.6500
D|542020925|10060013|3|8.5500|25.6500
D|542020925|10060014|3|8.5500|25.6500
D|542020925|10060021|3|8.5500|25.6500
D|542020925|10060022|3|8.5500|25.6500
D|542020925|10060023|3|8.5500|25.6500
D|542020925|10060024|3|8.5500|25.6500
D|542020925|10060031|3|8.5500|25.6500
D|542020925|10060032|3|8.5500|25.6500
D|542020925|10060033|3|8.5500|25.6500
D|542020925|10060034|3|8.5500|25.6500
D|542020925|10060291|3|8.5500|25.6500
D|542020925|10060292|3|8.5500|25.6500
D|542020925|10060293|3|8.5500|25.6500
D|542020925|10060294|3|8.5500|25.6500
D|542020925|10089012|2|10.8600|21.7200
D|542020925|10089013|2|10.8600|21.7200
D|542020925|10089014|2|10.8600|21.7200
D|542020925|10089015|1|10.8600|10.8600
D|542020925|10089022|2|10.8600|21.7200
D|542020925|10089023|2|10.8600|21.7200
D|542020925|10089024|2|10.8600|21.7200
D|542020925|10089025|1|10.8600|10.8600
D|542020925|10089032|2|10.8600|21.7200
D|542020925|10089033|2|10.8600|21.7200
D|542020925|10089034|2|10.8600|21.7200
D|542020925|10089035|1|10.8600|10.8600
D|542020925|10089092|2|10.8600|21.7200
D|542020925|10089093|2|10.8600|21.7200
D|542020925|10089094|2|10.8600|21.7200
D|542020925|10089095|1|10.8600|10.8600
D|542020925|10089432|2|10.8600|21.7200
D|542020925|10089433|2|10.8600|21.7200
D|542020925|10089434|2|10.8600|21.7200
D|542020925|10089435|1|10.8600|10.8600
D|542020925|10156011|3|7.6500|22.9500
D|542020925|10156012|3|7.6500|22.9500
D|542020925|10156013|3|7.6500|22.9500
D|542020925|10156031|3|7.6500|22.9500
D|542020925|10156032|3|7.6500|22.9500
D|542020925|10156033|3|7.6500|22.9500
D|542020925|10156431|3|7.6500|22.9500
D|542020925|10156432|3|7.6500|22.9500
D|542020925|10156433|3|7.6500|22.9500
D|542020925|10156801|3|7.6500|22.9500
D|542020925|10156802|3|7.6500|22.9500
D|542020925|10156803|3|7.6500|22.9500
D|542020925|10185011|2|6.9400|13.8800
D|542020925|10185012|2|6.9400|13.8800
D|542020925|10185013|2|6.9400|13.8800
D|542020925|10185041|2|6.9400|13.8800
D|542020925|10185042|2|6.9400|13.8800
D|542020925|10185043|2|6.9400|13.8800
D|542020925|10185091|2|6.9400|13.8800
D|542020925|10185092|2|6.9400|13.8800
D|542020925|10185093|2|6.9400|13.8800
D|542020925|10185121|2|6.9400|13.8800
D|542020925|10185122|2|6.9400|13.8800
D|542020925|10185123|2|6.9400|13.8800
D|542020925|10188011|2|5.7100|11.4200
D|542020925|10188012|2|5.7100|11.4200
D|542020925|10188013|2|5.7100|11.4200
D|542020925|10188014|2|5.7100|11.4200
D|542020925|10188031|2|5.7100|11.4200
D|542020925|10188032|2|5.7100|11.4200
D|542020925|10188033|2|5.7100|11.4200
D|542020925|10188034|2|5.7100|11.4200
D|542020925|10188551|2|5.7100|11.4200
D|542020925|10188552|2|5.7100|11.4200
D|542020925|10188553|2|5.7100|11.4200
D|542020925|10188554|2|5.7100|11.4200
D|542020925|10188621|2|5.7100|11.4200
D|542020925|10188622|2|5.7100|11.4200
D|542020925|10188623|2|5.7100|11.4200
D|542020925|10188624|2|5.7100|11.4200
D|542020925|10188801|2|5.7100|11.4200
D|542020925|10188802|2|5.7100|11.4200
D|542020925|10188803|2|5.7100|11.4200
D|542020925|10188804|2|5.7100|11.4200
D|542020925|10197022|6|21.1700|127.0200
D|542020925|10197023|6|21.1700|127.0200
D|542020925|10197032|6|21.1700|127.0200
D|542020925|10197033|6|21.1700|127.0200
D|542020925|10200011|2|7.2100|14.4200
D|542020925|10200012|2|7.2100|14.4200
D|542020925|10200013|2|7.2100|14.4200
D|542020925|10200031|2|7.2100|14.4200
D|542020925|10200032|2|7.2100|14.4200
D|542020925|10200033|2|7.2100|14.4200
D|542020925|10200051|1|7.2100|7.2100
D|542020925|10200052|1|7.2100|7.2100
D|542020925|10200053|1|7.2100|7.2100
D|542020925|10200091|1|7.2100|7.2100
D|542020925|10200092|1|7.2100|7.2100
D|542020925|10200093|1|7.2100|7.2100
D|542020925|10200181|1|7.2100|7.2100
D|542020925|10200182|1|7.2100|7.2100
D|542020925|10200183|1|7.2100|7.2100
D|542020925|10200431|2|7.2100|14.4200
D|542020925|10200432|2|7.2100|14.4200
D|542020925|10200433|2|7.2100|14.4200
D|542020925|10203011|2|6.7500|13.5000
D|542020925|10203012|2|6.7500|13.5000
D|542020925|10203013|2|6.7500|13.5000
D|542020925|10203031|2|6.7500|13.5000
D|542020925|10203032|2|6.7500|13.5000
D|542020925|10203033|2|6.7500|13.5000
D|542020925|10203561|1|6.7500|6.7500
D|542020925|10203562|1|6.7500|6.7500
D|542020925|10203563|1|6.7500|6.7500
D|542020925|10203651|1|6.7500|6.7500
D|542020925|10203652|1|6.7500|6.7500
D|542020925|10203653|1|6.7500|6.7500
D|542020925|10203661|2|6.7500|13.5000
D|542020925|10203662|2|6.7500|13.5000
D|542020925|10203663|2|6.7500|13.5000
D|542020925|10230031|1|16.6000|16.6000
D|542020925|10230032|2|16.6000|33.2000
D|542020925|10230033|2|16.6000|33.2000
D|542020925|10230621|1|16.6000|16.6000
D|542020925|10230622|2|16.6000|33.2000
D|542020925|10230623|2|16.6000|33.2000
D|542020925|10253011|2|7.3800|14.7600
D|542020925|10253012|2|7.3800|14.7600
D|542020925|10253013|2|7.3800|14.7600
D|542020925|10253031|2|7.3800|14.7600
D|542020925|10253032|2|7.3800|14.7600
D|542020925|10253033|2|7.3800|14.7600
D|542020925|10253091|1|7.3800|7.3800
D|542020925|10253092|1|7.3800|7.3800
D|542020925|10253093|1|7.3800|7.3800
D|542020925|10253601|1|7.3800|7.3800
D|542020925|10253602|1|7.3800|7.3800
D|542020925|10253603|1|7.3800|7.3800
D|542020925|10253621|2|7.3800|14.7600
D|542020925|10253622|2|7.3800|14.7600
D|542020925|10253623|2|7.3800|14.7600
D|542020925|10289011|2|6.9400|13.8800
D|542020925|10289012|2|6.9400|13.8800
D|542020925|10289013|2|6.9400|13.8800
D|542020925|10289031|2|6.9400|13.8800
D|542020925|10289032|2|6.9400|13.8800
D|542020925|10289033|2|6.9400|13.8800
D|542020925|10289261|2|6.9400|13.8800
D|542020925|10289262|2|6.9400|13.8800
D|542020925|10289263|2|6.9400|13.8800
D|542020925|10289601|2|6.9400|13.8800
D|542020925|10289602|2|6.9400|13.8800
D|542020925|10289603|2|6.9400|13.8800
D|542020925|10296031|2|8.2700|16.5400
D|542020925|10296032|2|8.2700|16.5400
D|542020925|10296033|2|8.2700|16.5400
D|542020925|10296441|2|8.2700|16.5400
D|542020925|10296442|2|8.2700|16.5400
D|542020925|10296443|2|8.2700|16.5400
D|542020925|10296551|2|8.2700|16.5400
D|542020925|10296552|2|8.2700|16.5400
D|542020925|10296553|2|8.2700|16.5400
D|542020925|10296801|2|8.2700|16.5400
D|542020925|10296802|2|8.2700|16.5400
D|542020925|10296803|2|8.2700|16.5400
D|542020926|10010011|1|6.2300|6.2300
D|542020926|10010012|1|6.2300|6.2300
D|542020926|10010013|1|6.2300|6.2300
D|542020927|10185011|2|6.9400|13.8800
D|542020927|10185012|3|6.9400|20.8200
D|542020927|10185013|2|6.9400|13.8800
D|542020927|10185041|2|6.9400|13.8800
D|542020927|10185042|3|6.9400|20.8200
D|542020927|10185043|2|6.9400|13.8800
D|542020927|10185091|3|6.9400|20.8200
D|542020927|10185092|3|6.9400|20.8200
D|542020927|10185093|2|6.9400|13.8800
D|542020927|10185121|3|6.9400|20.8200
D|542020927|10185122|3|6.9400|20.8200
D|542020927|10185123|2|6.9400|13.8800
D|542020927|10188012|4|5.7100|22.8400
D|542020927|10188013|4|5.7100|22.8400
D|542020927|10188032|4|5.7100|22.8400
D|542020927|10188033|4|5.7100|22.8400
D|542020927|10188552|4|5.7100|22.8400
D|542020927|10188553|4|5.7100|22.8400
D|542020927|10188622|4|5.7100|22.8400
D|542020927|10188623|4|5.7100|22.8400
D|542020927|10188802|3|5.7100|17.1300
D|542020927|10188803|3|5.7100|17.1300
D|542020927|10225211|4|7.0300|28.1200
D|542020927|10225212|4|7.0300|28.1200
D|542020927|10225213|4|7.0300|28.1200
D|542020927|10225231|4|7.0300|28.1200
D|542020927|10225232|4|7.0300|28.1200
D|542020927|10225233|4|7.0300|28.1200
D|542020927|10225261|4|7.0300|28.1200
D|542020927|10225262|4|7.0300|28.1200
D|542020927|10225263|4|7.0300|28.1200
D|542020927|10225331|4|7.0300|28.1200
D|542020927|10225332|4|7.0300|28.1200
D|542020927|10225333|4|7.0300|28.1200
D|542020927|10251561|4|7.3200|29.2800
D|542020927|10251562|4|7.3200|29.2800
D|542020927|10251563|4|7.3200|29.2800
D|542020927|10251641|4|7.3200|29.2800
D|542020927|10251642|4|7.3200|29.2800
D|542020927|10251643|4|7.3200|29.2800
D|542020927|10251651|4|7.3200|29.2800
D|542020927|10251652|4|7.3200|29.2800
D|542020927|10251653|4|7.3200|29.2800
D|542020927|10251661|4|7.3200|29.2800
D|542020927|10251662|4|7.3200|29.2800
D|542020927|10251663|4|7.3200|29.2800
D|542020927|10273011|4|7.5600|30.2400
D|542020927|10273012|4|7.5600|30.2400
D|542020927|10273013|4|7.5600|30.2400
D|542020927|10273031|5|7.5600|37.8000
D|542020927|10273032|5|7.5600|37.8000
D|542020927|10273033|5|7.5600|37.8000
D|542020927|10273041|4|7.5600|30.2400
D|542020927|10273042|4|7.5600|30.2400
D|542020927|10273043|4|7.5600|30.2400
D|542020927|10273431|4|7.5600|30.2400
D|542020927|10273432|4|7.5600|30.2400
D|542020927|10273433|4|7.5600|30.2400
D|542020927|10291011|4|11.7400|46.9600
D|542020927|10291012|4|11.7400|46.9600
D|542020927|10291013|4|11.7400|46.9600
D|542020927|10291031|4|11.7400|46.9600
D|542020927|10291032|4|11.7400|46.9600
D|542020927|10291033|4|11.7400|46.9600
D|542020927|10291281|4|11.7400|46.9600
D|542020927|10291282|4|11.7400|46.9600
D|542020927|10291283|4|11.7400|46.9600
D|542020927|10291801|4|11.7400|46.9600
D|542020927|10291802|4|11.7400|46.9600
D|542020927|10291803|4|11.7400|46.9600
D|542020927|10296031|4|8.2700|33.0800
D|542020927|10296032|4|8.2700|33.0800
D|542020927|10296033|4|8.2700|33.0800
D|542020927|10296441|4|8.2700|33.0800
D|542020927|10296442|4|8.2700|33.0800
D|542020927|10296443|4|8.2700|33.0800
D|542020927|10296551|4|8.2700|33.0800
D|542020927|10296552|4|8.2700|33.0800
D|542020927|10296553|4|8.2700|33.0800
D|542020927|10296801|4|8.2700|33.0800
D|542020927|10296802|4|8.2700|33.0800
D|542020927|10296803|4|8.2700|33.0800
D|542020927|10306031|3|8.0100|24.0300
D|542020927|10306032|3|8.0100|24.0300
D|542020927|10306033|3|8.0100|24.0300
D|542020927|10306121|3|8.0100|24.0300
D|542020927|10306122|3|8.0100|24.0300
D|542020927|10306123|3|8.0100|24.0300
D|542020927|10306601|3|8.0100|24.0300
D|542020927|10306602|3|8.0100|24.0300
D|542020927|10306603|3|8.0100|24.0300
D|542020927|10306801|3|8.0100|24.0300
D|542020927|10306802|3|8.0100|24.0300
D|542020927|10306803|3|8.0100|24.0300
D|542020927|10316011|6|7.0000|42.0000
D|542020927|10316012|6|7.0000|42.0000
D|542020927|10316013|6|7.0000|42.0000
D|542020927|10316014|6|7.0000|42.0000
D|542020927|10316015|6|7.0000|42.0000
D|542020927|10316041|3|7.0000|21.0000
D|542020927|10316042|3|7.0000|21.0000
D|542020927|10316043|3|7.0000|21.0000
D|542020927|10316044|3|7.0000|21.0000
D|542020927|10316045|3|7.0000|21.0000
D|542020927|10316551|4|7.0000|28.0000
D|542020927|10316552|4|7.0000|28.0000
D|542020927|10316553|4|7.0000|28.0000
D|542020927|10316554|4|7.0000|28.0000
D|542020927|10316555|4|7.0000|28.0000
D|542020927|10317011|6|0.0000|0.0000
D|542020927|10317012|6|0.0000|0.0000
D|542020927|10317013|6|0.0000|0.0000
D|542020927|10317014|6|0.0000|0.0000
D|542020927|10317015|6|0.0000|0.0000
D|542020927|10317041|3|0.0000|0.0000
D|542020927|10317042|3|0.0000|0.0000
D|542020927|10317043|3|0.0000|0.0000
D|542020927|10317044|3|0.0000|0.0000
D|542020927|10317045|3|0.0000|0.0000
D|542020927|10317551|4|0.0000|0.0000
D|542020927|10317552|4|0.0000|0.0000
D|542020927|10317553|4|0.0000|0.0000
D|542020927|10317554|4|0.0000|0.0000
D|542020927|10317555|4|0.0000|0.0000
D|542020928|10206021|3|50.5500|151.6500
D|542020928|10206022|6|50.5500|303.3000
D|542020928|10206023|6|50.5500|303.3000
D|542020928|10206024|4|50.5500|202.2000
D|542020928|10206032|6|50.5500|303.3000
D|542020928|10206033|2|50.5500|101.1000
D|542020928|10206034|6|50.5500|303.3000
D|542020929|10029012|12|7.3400|88.0800
D|542020929|10029013|18|7.3400|132.1200
D|542020929|10029022|12|7.3400|88.0800
D|542020929|10029023|18|7.3400|132.1200
D|542020929|10029032|12|7.3400|88.0800
D|542020929|10029033|9|7.3400|66.0600
D|542020929|10029092|9|7.3400|66.0600
D|542020929|10045011|6|8.2400|49.4400
D|542020929|10045012|6|8.2400|49.4400
D|542020929|10045031|6|8.2400|49.4400
D|542020929|10045032|9|8.2400|74.1600
D|542020929|10045551|6|8.2400|49.4400
D|542020929|10045552|6|8.2400|49.4400
D|542020929|10045553|6|8.2400|49.4400
D|542020929|10045801|3|8.2400|24.7200
D|542020929|10060012|18|8.5500|153.9000
D|542020929|10060013|18|8.5500|153.9000
D|542020929|10060022|18|8.5500|153.9000
D|542020929|10060023|18|8.5500|153.9000
D|542020929|10060032|18|8.5500|153.9000
D|542020929|10060293|18|8.5500|153.9000
D|542020929|10185011|3|6.9400|20.8200
D|542020929|10185012|4|6.9400|27.7600
D|542020929|10185041|3|6.9400|20.8200
D|542020929|10185042|4|6.9400|27.7600
D|542020929|10185091|3|6.9400|20.8200
D|542020929|10185092|4|6.9400|27.7600
D|542020929|10185121|3|6.9400|20.8200
D|542020929|10185122|4|6.9400|27.7600
D|542020929|10201011|3|6.8500|20.5500
D|542020929|10201012|4|6.8500|27.4000
D|542020929|10201041|3|6.8500|20.5500
D|542020929|10201042|4|6.8500|27.4000
D|542020929|10201091|3|6.8500|20.5500
D|542020929|10201092|4|6.8500|27.4000
D|542020929|10201121|3|6.8500|20.5500
D|542020929|10201122|4|6.8500|27.4000
D|542020929|10206021|3|50.5500|151.6500
D|542020929|10206022|6|50.5500|303.3000
D|542020929|10206023|6|50.5500|303.3000
D|542020929|10206024|4|50.5500|202.2000
D|542020929|10206032|6|50.5500|303.3000
D|542020929|10206033|2|50.5500|101.1000
D|542020929|10206034|6|50.5500|303.3000
D|542020929|10289011|9|6.9400|62.4600
D|542020929|10289012|9|6.9400|62.4600
D|542020929|10289031|9|6.9400|62.4600
D|542020929|10289032|9|6.9400|62.4600
D|542020929|10289261|9|6.9400|62.4600
D|542020929|10289262|9|6.9400|62.4600
D|542020929|10289601|6|6.9400|41.6400
D|542020929|10289602|9|6.9400|62.4600
D|542020929|10291011|6|11.7400|70.4400
D|542020929|10291012|6|11.7400|70.4400
D|542020929|10291031|6|11.7400|70.4400
D|542020929|10291032|6|11.7400|70.4400
D|542020929|10291033|4|11.7400|46.9600
D|542020929|10291801|6|11.7400|70.4400
D|542020929|10291802|6|11.7400|70.4400
D|542020929|10291803|6|11.7400|70.4400
D|542020929|10296031|3|8.2700|24.8100
D|542020929|10296032|6|8.2700|49.6200
D|542020929|10296033|3|8.2700|24.8100
D|542020929|10296441|6|8.2700|49.6200
D|542020929|10296442|6|8.2700|49.6200
D|542020929|10296443|6|8.2700|49.6200
D|542020929|10296551|6|8.2700|49.6200
D|542020929|10296552|6|8.2700|49.6200
D|542020929|10296553|6|8.2700|49.6200
D|542020929|10296801|6|8.2700|49.6200
D|542020929|10296802|6|8.2700|49.6200
D|542020929|10296803|6|8.2700|49.6200
D|542020929|10306031|9|8.0100|72.0900
D|542020929|10306032|12|8.0100|96.1200
D|542020929|10306033|12|8.0100|96.1200
D|542020929|10306121|12|8.0100|96.1200
D|542020929|10306122|18|8.0100|144.1800
D|542020929|10306123|18|8.0100|144.1800
D|542020929|10306601|12|8.0100|96.1200
D|542020929|10306602|18|8.0100|144.1800
D|542020929|10306603|18|8.0100|144.1800
D|542020929|10306802|6|8.0100|48.0600
D|542020929|10306803|12|8.0100|96.1200
D|542020929|10314031|3|8.1400|24.4200
D|542020929|10314032|6|8.1400|48.8400
D|542020929|10314121|6|8.1400|48.8400
D|542020929|10314122|4|8.1400|32.5600
D|542020929|10314601|3|8.1400|24.4200
D|542020929|10314602|4|8.1400|32.5600
D|542020929|10314801|6|8.1400|48.8400
D|542020929|10314802|6|8.1400|48.8400