F|2023-09-07|54
C|542021414|102051|04|precio9|4709.19|0.0000|4709.19|847.65|5556.84|12|GENERADO|2023-09-07|54|0|0|0.0000
C|542021415|100009|04|precio9|4050.99|0.0000|4050.99|729.18|4780.17|12|GENERADO|2023-09-07|54|0|0|0.0000
C|542021416|CATA569|04|precio9|4156.94|0.0000|4156.94|748.25|4905.19|19|GENERADO|2023-09-07|54|0|0|0.0000
C|542021417|1012724|04|precio9|1763.70|0.0000|1763.70|317.47|2081.17|11|GENERADO|2023-09-07|54|0|0|0.0000
C|542021418|101784|04|precio9|0.00|0.0000|0.00|0.00|0.00|0|GENERADO|2023-09-07|54|0|0|0.0000
C|542021419|101784|04|precio9|4217.91|0.0000|4217.91|759.22|4977.13|19|GENERADO|2023-09-07|54|0|0|0.0000
C|542021420|102186|04|precio9|2288.15|0.0000|2288.15|411.87|2700.02|11|GENERADO|2023-09-07|54|0|0|0.0000
C|542021421|1013031|04|precio9|39226.55|0.0000|39226.55|7060.78|46287.33|55|GENERADO|2023-09-07|54|0|0|0.0000
C|542021422|1012899|04|precio9|25691.97|0.0000|25691.97|4624.55|30316.52|35|GENERADO|2023-09-07|54|0|0|0.0000
D|542021414|10140011|2|5.8300|11.6600
D|542021414|10140012|2|5.8300|11.6600
D|542021414|10140013|2|5.8300|11.6600
D|542021414|10140031|3|5.8300|17.4900
D|542021414|10140032|3|5.8300|17.4900
D|542021414|10140033|3|5.8300|17.4900
D|542021414|10140071|2|5.8300|11.6600
D|542021414|10140072|2|5.8300|11.6600
D|542021414|10140073|2|5.8300|11.6600
D|542021414|10140101|3|5.8300|17.4900
D|542021414|10140102|3|5.8300|17.4900
D|542021414|10140103|3|5.8300|17.4900
D|542021414|10140551|2|5.8300|11.6600
D|542021414|10140552|2|5.8300|11.6600
D|542021414|10140553|2|5.8300|11.6600
D|542021414|10140621|3|5.8300|17.4900
D|542021414|10140622|3|5.8300|17.4900
D|542021414|10140623|3|5.8300|17.4900
D|542021414|10140801|2|5.8300|11.6600
D|542021414|10140802|2|5.8300|11.6600
D|542021414|10140803|2|5.8300|11.6600
D|542021414|10206022|6|50.5500|303.3000
D|542021414|10206023|6|50.5500|303.3000
D|542021414|10206032|6|50.5500|303.3000
D|542021414|10206033|6|50.5500|303.3000
D|542021414|10219011|3|6.7500|20.2500
D|542021414|10219012|3|6.7500|20.2500
D|542021414|10219013|3|6.7500|20.2500
D|542021414|10219031|3|6.7500|20.2500
D|542021414|10219032|3|6.7500|20.2500
D|542021414|10219033|3|6.7500|20.2500
D|542021414|10219211|3|6.7500|20.2500
D|542021414|10219212|3|6.7500|20.2500
D|542021414|10219213|3|6.7500|20.2500
D|542021414|10219551|3|6.7500|20.2500
D|542021414|10219552|3|6.7500|20.2500
D|542021414|10219553|3|6.7500|20.2500
D|542021414|10225212|8|7.0300|56.2400
D|542021414|10225213|8|7.0300|56.2400
D|542021414|10225232|8|7.0300|56.2400
D|542021414|10225233|8|7.0300|56.2400
D|542021414|10225332|8|7.0300|56.2400
D|542021414|10225333|8|7.0300|56.2400
D|542021414|10230031|6|16.6000|99.6000
D|542021414|10230032|6|16.6000|99.6000
D|542021414|10230621|6|16.6000|99.6000
D|542021414|10230622|6|16.6000|99.6000
D|542021414|10273011|3|7.5600|22.6800
D|542021414|10273012|3|7.5600|22.6800
D|542021414|10273013|3|7.5600|22.6800
D|542021414|10273031|3|7.5600|22.6800
D|542021414|10273032|3|7.5600|22.6800
D|542021414|10273033|3|7.5600|22.6800
D|542021414|10273041|3|7.5600|22.6800
D|542021414|10273042|3|7.5600|22.6800
D|542021414|10273043|3|7.5600|22.6800
D|542021414|10273431|3|7.5600|22.6800
D|542021414|10273432|3|7.5600|22.6800
D|542021414|10273433|3|7.5600|22.6800
D|542021414|10273551|3|7.5600|22.6800
D|542021414|10273552|3|7.5600|22.6800
D|542021414|10273553|3|7.5600|22.6800
D|542021414|10285031|2|40.9900|81.9800
D|542021414|10285621|2|40.9900|81.9800
D|542021414|10314032|9|8.1400|73.2600
D|542021414|10314033|9|8.1400|73.2600
D|542021414|10315011|3|10.3800|31.1400
D|542021414|10315012|5|10.3800|51.9000
D|542021414|10315013|3|10.3800|31.1400
D|542021414|10315031|3|10.3800|31.1400
D|542021414|10315032|5|10.3800|51.9000
D|542021414|10315033|3|10.3800|31.1400
D|542021414|10315431|3|10.3800|31.1400
D|542021414|10315432|5|10.3800|51.9000
D|542021414|10315433|3|10.3800|31.1400
D|542021414|10315621|3|10.3800|31.1400
D|542021414|10315622|5|10.3800|51.9000
D|542021414|10315623|3|10.3800|31.1400
D|542021414|10315801|3|10.3800|31.1400
D|542021414|10315802|5|10.3800|51.9000
D|542021414|10315803|3|10.3800|31.1400
D|542021414|10326033|1|19.2100|19.2100
D|542021414|10326034|1|19.2100|19.2100
D|542021414|10326035|1|19.2100|19.2100
D|542021414|10326036|1|19.2100|19.2100
D|542021414|10326803|1|19.2100|19.2100
D|542021414|10326804|1|19.2100|19.2100
D|542021414|10326805|1|19.2100|19.2100
D|542021414|10326806|1|19.2100|19.2100
D|542021414|10327561|5|8.4000|42.0000
D|542021414|10327562|5|8.4000|42.0000
D|542021414|10327563|5|8.4000|42.0000
D|542021414|10327641|5|8.4000|42.0000
D|542021414|10327642|5|8.4000|42.0000
D|542021414|10327643|5|8.4000|42.0000
D|542021414|10327651|5|8.4000|42.0000
D|542021414|10327652|5|8.4000|42.0000
D|542021414|10327653|5|8.4000|42.0000
D|542021414|10327661|5|8.4000|42.0000
D|542021414|10327662|5|8.4000|42.0000
D|542021414|10327663|5|8.4000|42.0000
D|542021414|10329011|4|9.4600|37.8400
D|542021414|10329012|4|9.4600|37.8400
D|542021414|10329013|4|9.4600|37.8400
D|542021414|10329091|4|9.4600|37.8400
D|542021414|10329092|4|9.4600|37.8400
D|542021414|10329093|4|9.4600|37.8400
D|542021414|10329121|4|9.4600|37.8400
D|542021414|10329122|4|9.4600|37.8400
D|542021414|10329123|4|9.4600|37.8400
D|542021414|10330011|3|0.0000|0.0000
D|542021414|10330012|3|0.0000|0.0000
D|542021414|10330013|3|0.0000|0.0000
D|542021414|10330031|3|0.0000|0.0000
D|542021414|10330032|3|0.0000|0.0000
D|542021414|10330033|3|0.0000|0.0000
D|542021414|10330431|3|0.0000|0.0000
D|542021414|10330432|3|0.0000|0.0000
D|542021414|10330433|3|0.0000|0.0000
D|542021414|10330621|3|0.0000|0.0000
D|542021414|10330622|3|0.0000|0.0000
D|542021414|10330623|3|0.0000|0.0000
D|542021414|10330801|3|0.0000|0.0000
D|542021414|10330802|3|0.0000|0.0000
D|542021414|10330803|3|0.0000|0.0000
D|542021415|10026011|6|5.1300|30.7800
D|542021415|10026012|8|5.1300|41.0400
D|542021415|10026013|9|5.1300|46.1700
D|542021415|10026021|6|5.1300|30.7800
D|542021415|10026022|8|5.1300|41.0400
D|542021415|10026023|6|5.1300|30.7800
D|542021415|10026031|6|5.1300|30.7800
D|542021415|10026032|8|5.1300|41.0400
D|542021415|10026033|9|5.1300|46.1700
D|542021415|10026073|6|5.1300|30.7800
D|542021415|10026803|6|5.1300|30.7800
D|542021415|10040011|3|6.4400|19.3200
D|542021415|10040012|3|6.4400|19.3200
D|542021415|10040013|3|6.4400|19.3200
D|542021415|10040031|3|6.4400|19.3200
D|542021415|10040032|4|6.4400|25.7600
D|542021415|10040033|4|6.4400|25.7600
D|542021415|10040071|2|6.4400|12.8800
D|542021415|10040072|3|6.4400|19.3200
D|542021415|10040073|2|6.4400|12.8800
D|542021415|10040101|2|6.4400|12.8800
D|542021415|10040102|3|6.4400|19.3200
D|542021415|10040103|3|6.4400|19.3200
D|542021415|10040221|2|6.4400|12.8800
D|542021415|10040222|3|6.4400|19.3200
D|542021415|10040223|2|6.4400|12.8800
D|542021415|10040261|2|6.4400|12.8800
D|542021415|10040262|3|6.4400|19.3200
D|542021415|10040263|2|6.4400|12.8800
D|542021415|10040801|2|6.4400|12.8800
D|542021415|10040802|3|6.4400|19.3200
D|542021415|10040803|2|6.4400|12.8800
D|542021415|10045213|3|8.2400|24.7200
D|542021415|10045553|3|8.2400|24.7200
D|542021415|10045803|3|8.2400|24.7200
D|542021415|10116017|3|20.4700|61.4100
D|542021415|10116018|3|20.4700|61.4100
D|542021415|10116037|3|20.4700|61.4100
D|542021415|10116038|3|20.4700|61.4100
D|542021415|10116627|3|20.4700|61.4100
D|542021415|10116628|3|20.4700|61.4100
D|542021415|10140011|4|5.8300|23.3200
D|542021415|10140012|4|5.8300|23.3200
D|542021415|10140031|4|5.8300|23.3200
D|542021415|10140032|4|5.8300|23.3200
D|542021415|10140072|4|5.8300|23.3200
D|542021415|10140102|4|5.8300|23.3200
D|542021415|10140552|4|5.8300|23.3200
D|542021415|10140622|6|5.8300|34.9800
D|542021415|10140802|4|5.8300|23.3200
D|542021415|10188012|6|5.7100|34.2600
D|542021415|10188032|6|5.7100|34.2600
D|542021415|10188552|9|5.7100|51.3900
D|542021415|10188622|9|5.7100|51.3900
D|542021415|10188623|6|5.7100|34.2600
D|542021415|10188802|6|5.7100|34.2600
D|542021415|10206022|2|50.5500|101.1000
D|542021415|10206023|4|50.5500|202.2000
D|542021415|10206031|3|50.5500|151.6500
D|542021415|10206032|2|50.5500|101.1000
D|542021415|10206033|3|50.5500|151.6500
D|542021415|10206034|2|50.5500|101.1000
D|542021415|10273011|2|7.5600|15.1200
D|542021415|10273012|6|7.5600|45.3600
D|542021415|10273031|2|7.5600|15.1200
D|542021415|10273032|3|7.5600|22.6800
D|542021415|10273033|3|7.5600|22.6800
D|542021415|10273041|2|7.5600|15.1200
D|542021415|10273042|3|7.5600|22.6800
D|542021415|10273431|2|7.5600|15.1200
D|542021415|10273432|6|7.5600|45.3600
D|542021415|10273433|3|7.5600|22.6800
D|542021415|10273551|2|7.5600|15.1200
D|542021415|10273552|6|7.5600|45.3600
D|542021415|10273553|6|7.5600|45.3600
D|542021415|10291012|2|11.7400|23.4800
D|542021415|10291032|2|11.7400|23.4800
D|542021415|10291802|2|11.7400|23.4800
D|542021415|10293012|3|8.2700|24.8100
D|542021415|10293031|4|8.2700|33.0800
D|542021415|10293032|6|8.2700|49.6200
D|542021415|10293551|4|8.2700|33.0800
D|542021415|10293552|6|8.2700|49.6200
D|542021415|10293811|4|8.2700|33.0800
D|542021415|10293812|3|8.2700|24.8100
D|542021415|10296441|2|8.2700|16.5400
D|542021415|10296442|4|8.2700|33.0800
D|542021415|10296802|3|8.2700|24.8100
D|542021415|10298012|6|7.9200|47.5200
D|542021415|10298013|4|7.9200|31.6800
D|542021415|10298032|6|7.9200|47.5200
D|542021415|10298033|3|7.9200|23.7600
D|542021415|10298551|3|7.9200|23.7600
D|542021415|10298552|6|7.9200|47.5200
D|542021415|10298553|3|7.9200|23.7600
D|542021415|10298812|4|7.9200|31.6800
D|542021415|10298813|2|7.9200|15.8400
D|542021415|10300011|2|12.0100|24.0200
D|542021415|10300012|3|12.0100|36.0300
D|542021415|10300013|3|12.0100|36.0300
D|542021415|10300031|2|12.0100|24.0200
D|542021415|10300032|3|12.0100|36.0300
D|542021415|10300033|3|12.0100|36.0300
D|542021415|10300801|2|12.0100|24.0200
D|542021415|10300802|3|12.0100|36.0300
D|542021415|10300803|3|12.0100|36.0300
D|542021415|10329011|3|9.4600|28.3800
D|542021415|10329012|3|9.4600|28.3800
D|542021415|10329013|3|9.4600|28.3800
D|542021415|10329091|3|9.4600|28.3800
D|542021415|10329092|3|9.4600|28.3800
D|542021415|10329093|3|9.4600|28.3800
D|542021415|10329121|3|9.4600|28.3800
D|542021415|10329122|3|9.4600|28.3800
D|542021415|10329123|3|9.4600|28.3800
D|542021416|10013014|12|5.7900|69.4800
D|542021416|10013094|6|5.7900|34.7400
D|542021416|10013624|12|5.7900|69.4800
D|542021416|10188012|2|5.7100|11.4200
D|542021416|10188013|2|5.7100|11.4200
D|542021416|10188032|3|5.7100|17.1300
D|542021416|10188033|6|5.7100|34.2600
D|542021416|10188552|3|5.7100|17.1300
D|542021416|10188553|3|5.7100|17.1300
D|542021416|10188622|3|5.7100|17.1300
D|542021416|10188623|3|5.7100|17.1300
D|542021416|10188802|3|5.7100|17.1300
D|542021416|10188803|3|5.7100|17.1300
D|542021416|10197024|4|21.1700|84.6800
D|542021416|10206021|3|50.5500|151.6500
D|542021416|10206022|3|50.5500|151.6500
D|542021416|10206023|3|50.5500|151.6500
D|542021416|10206031|2|50.5500|101.1000
D|542021416|10206033|3|50.5500|151.6500
D|542021416|10213021|3|21.1700|63.5100
D|542021416|10213022|4|21.1700|84.6800
D|542021416|10213032|4|21.1700|84.6800
D|542021416|10231012|3|14.9400|44.8200
D|542021416|10231032|4|14.9400|59.7600
D|542021416|10231622|4|14.9400|59.7600
D|542021416|10289032|3|6.9400|20.8200
D|542021416|10289033|3|6.9400|20.8200
D|542021416|10296032|4|8.2700|33.0800
D|542021416|10296033|6|8.2700|49.6200
D|542021416|10296442|2|8.2700|16.5400
D|542021416|10296443|2|8.2700|16.5400
D|542021416|10296553|2|8.2700|16.5400
D|542021416|10296802|4|8.2700|33.0800
D|542021416|10296803|5|8.2700|41.3500
D|542021416|10310032|2|70.1200|140.2400
D|542021416|10310033|2|70.1200|140.2400
D|542021416|10310623|2|70.1200|140.2400
D|542021416|10311031|2|57.4600|114.9200
D|542021416|10311032|3|57.4600|172.3800
D|542021416|10311033|3|57.4600|172.3800
D|542021416|10311621|1|57.4600|57.4600
D|542021416|10311622|3|57.4600|172.3800
D|542021416|10311623|2|57.4600|114.9200
D|542021416|10311624|2|57.4600|114.9200
D|542021416|10312032|3|62.3500|187.0500
D|542021416|10312033|3|62.3500|187.0500
D|542021416|10312622|2|62.3500|124.7000
D|542021416|10312623|3|62.3500|187.0500
D|542021416|10314031|4|8.1400|32.5600
D|542021416|10314032|4|8.1400|32.5600
D|542021416|10327561|2|8.4000|16.8000
D|542021416|10327562|2|8.4000|16.8000
D|542021416|10327563|2|8.4000|16.8000
D|542021416|10327641|3|8.4000|25.2000
D|542021416|10327642|3|8.4000|25.2000
D|542021416|10327643|3|8.4000|25.2000
D|542021416|10327651|3|8.4000|25.2000
D|542021416|10327652|3|8.4000|25.2000
D|542021416|10327653|3|8.4000|25.2000
D|542021416|10327661|3|8.4000|25.2000
D|542021416|10327662|3|8.4000|25.2000
D|542021416|10327663|3|8.4000|25.2000
D|542021417|10045012|3|8.2400|24.7200
D|542021417|10045013|3|8.2400|24.7200
D|542021417|10045032|3|8.2400|24.7200
D|542021417|10045033|3|8.2400|24.7200
D|542021417|10045212|3|8.2400|24.7200
D|542021417|10045213|3|8.2400|24.7200
D|542021417|10045552|3|8.2400|24.7200
D|542021417|10045553|3|8.2400|24.7200
D|542021417|10045802|3|8.2400|24.7200
D|542021417|10045803|3|8.2400|24.7200
D|542021417|10206022|6|50.5500|303.3000
D|542021417|10206023|6|50.5500|303.3000
D|542021417|10206024|3|50.5500|151.6500
D|542021417|10206032|6|50.5500|303.3000
D|542021417|10206033|6|50.5500|303.3000
D|542021417|10206034|3|50.5500|151.6500
D|542021419|10010031|4|5.3200|21.2800
D|542021419|10010032|6|5.3200|31.9200
D|542021419|10010041|3|5.3200|15.9600
D|542021419|10010042|6|5.3200|31.9200
D|542021419|10010291|3|5.3200|15.9600
D|542021419|10010292|4|5.3200|21.2800
D|542021419|10010621|3|5.3200|15.9600
D|542021419|10012032|4|6.3400|25.3600
D|542021419|10012102|4|6.3400|25.3600
D|542021419|10012432|4|6.3400|25.3600
D|542021419|10026011|3|5.1300|15.3900
D|542021419|10026012|4|5.1300|20.5200
D|542021419|10026021|3|5.1300|15.3900
D|542021419|10026022|3|5.1300|15.3900
D|542021419|10026031|4|5.1300|20.5200
D|542021419|10026032|4|5.1300|20.5200
D|542021419|10026033|3|5.1300|15.3900
D|542021419|10026102|3|5.1300|15.3900
D|542021419|10026221|3|5.1300|15.3900
D|542021419|10026222|3|5.1300|15.3900
D|542021419|10026261|3|5.1300|15.3900
D|542021419|10026262|3|5.1300|15.3900
D|542021419|10026801|3|5.1300|15.3900
D|542021419|10026802|4|5.1300|20.5200
D|542021419|10026803|2|5.1300|10.2600
D|542021419|10029012|4|7.3400|29.3600
D|542021419|10029013|9|7.3400|66.0600
D|542021419|10029022|9|7.3400|66.0600
D|542021419|10029023|9|7.3400|66.0600
D|542021419|10029032|6|7.3400|44.0400
D|542021419|10029033|9|7.3400|66.0600
D|542021419|10029092|9|7.3400|66.0600
D|542021419|10029093|9|7.3400|66.0600
D|542021419|10040011|2|6.4400|12.8800
D|542021419|10040012|2|6.4400|12.8800
D|542021419|10040031|2|6.4400|12.8800
D|542021419|10040032|3|6.4400|19.3200
D|542021419|10040071|2|6.4400|12.8800
D|542021419|10040101|2|6.4400|12.8800
D|542021419|10040221|2|6.4400|12.8800
D|542021419|10040801|2|6.4400|12.8800
D|542021419|10060012|6|8.5500|51.3000
D|542021419|10060022|6|8.5500|51.3000
D|542021419|10060023|6|8.5500|51.3000
D|542021419|10060032|6|8.5500|51.3000
D|542021419|10060033|6|8.5500|51.3000
D|542021419|10060293|6|8.5500|51.3000
D|542021419|10061012|3|6.2300|18.6900
D|542021419|10061032|6|6.2300|37.3800
D|542021419|10061052|3|6.2300|18.6900
D|542021419|10061072|3|6.2300|18.6900
D|542021419|10061222|3|6.2300|18.6900
D|542021419|10061233|3|6.2300|18.6900
D|542021419|10061262|3|6.2300|18.6900
D|542021419|10185011|4|6.9400|27.7600
D|542021419|10185012|6|6.9400|41.6400
D|542021419|10185013|4|6.9400|27.7600
D|542021419|10185041|3|6.9400|20.8200
D|542021419|10185042|6|6.9400|41.6400
D|542021419|10185043|3|6.9400|20.8200
D|542021419|10185091|3|6.9400|20.8200
D|542021419|10185092|3|6.9400|20.8200
D|542021419|10185093|6|6.9400|41.6400
D|542021419|10185121|6|6.9400|41.6400
D|542021419|10185122|6|6.9400|41.6400
D|542021419|10206022|3|50.5500|151.6500
D|542021419|10206023|3|50.5500|151.6500
D|542021419|10206032|2|50.5500|101.1000
D|542021419|10206033|2|50.5500|101.1000
D|542021419|10211651|3|6.1300|18.3900
D|542021419|10211661|3|6.1300|18.3900
D|542021419|10231031|2|14.9400|29.8800
D|542021419|10231032|2|14.9400|29.8800
D|542021419|10231033|2|14.9400|29.8800
D|542021419|10231621|4|14.9400|59.7600
D|542021419|10231622|5|14.9400|74.7000
D|542021419|10231623|5|14.9400|74.7000
D|542021419|10273011|3|7.5600|22.6800
D|542021419|10273012|3|7.5600|22.6800
D|542021419|10273013|3|7.5600|22.6800
D|542021419|10273031|3|7.5600|22.6800
D|542021419|10273042|6|7.5600|45.3600
D|542021419|10273432|3|7.5600|22.6800
D|542021419|10273433|3|7.5600|22.6800
D|542021419|10273552|6|7.5600|45.3600
D|542021419|10285032|2|40.9900|81.9800
D|542021419|10285621|1|40.9900|40.9900
D|542021419|10293013|2|8.2700|16.5400
D|542021419|10293031|2|8.2700|16.5400
D|542021419|10293032|6|8.2700|49.6200
D|542021419|10293811|2|8.2700|16.5400
D|542021419|10293812|3|8.2700|24.8100
D|542021419|10300011|2|12.0100|24.0200
D|542021419|10300012|2|12.0100|24.0200
D|542021419|10300013|3|12.0100|36.0300
D|542021419|10300801|2|12.0100|24.0200
D|542021419|10300803|2|12.0100|24.0200
D|542021419|10306032|6|8.0100|48.0600
D|542021419|10306122|6|8.0100|48.0600
D|542021419|10306602|6|8.0100|48.0600
D|542021419|10312031|1|62.3500|62.3500
D|542021419|10312032|1|62.3500|62.3500
D|542021419|10312033|1|62.3500|62.3500
D|542021419|10312034|1|62.3500|62.3500
D|542021419|10312621|1|62.3500|62.3500
D|542021419|10312622|1|62.3500|62.3500
D|542021419|10312623|1|62.3500|62.3500
D|542021419|10312624|1|62.3500|62.3500
D|542021419|10313032|3|8.6200|25.8600
D|542021419|10313122|4|8.6200|34.4800
D|542021419|10313602|3|8.6200|25.8600
D|542021419|10313802|3|8.6200|25.8600
D|542021419|10315031|3|10.3800|31.1400
D|542021419|10315032|2|10.3800|20.7600
D|542021419|10315431|3|10.3800|31.1400
D|542021419|10315432|2|10.3800|20.7600
D|542021419|10315621|3|10.3800|31.1400
D|542021419|10315802|2|10.3800|20.7600
D|542021420|10010011|1|5.3200|5.3200
D|542021420|10010012|1|5.3200|5.3200
D|542021420|10010013|1|5.3200|5.3200
D|542021420|10010031|1|5.3200|5.3200
D|542021420|10010032|1|5.3200|5.3200
D|542021420|10010033|1|5.3200|5.3200
D|542021420|10010043|1|5.3200|5.3200
D|542021420|10010263|1|5.3200|5.3200
D|542021420|10010291|1|5.3200|5.3200
D|542021420|10010293|1|5.3200|5.3200
D|542021420|10010622|1|5.3200|5.3200
D|542021420|10010623|1|5.3200|5.3200
D|542021420|10041011|1|6.2300|6.2300
D|542021420|10041012|1|6.2300|6.2300
D|542021420|10041013|1|6.2300|6.2300
D|542021420|10041014|1|6.2300|6.2300
D|542021420|10041021|2|6.2300|12.4600
D|542021420|10041022|2|6.2300|12.4600
D|542021420|10041023|2|6.2300|12.4600
D|542021420|10041024|2|6.2300|12.4600
D|542021420|10041031|2|6.2300|12.4600
D|542021420|10041032|2|6.2300|12.4600
D|542021420|10041033|2|6.2300|12.4600
D|542021420|10041034|2|6.2300|12.4600
D|542021420|10041091|1|6.2300|6.2300
D|542021420|10041092|1|6.2300|6.2300
D|542021420|10041093|1|6.2300|6.2300
D|542021420|10041094|1|6.2300|6.2300
D|542021420|10041101|1|6.2300|6.2300
D|542021420|10041102|1|6.2300|6.2300
D|542021420|10041103|1|6.2300|6.2300
D|542021420|10041104|1|6.2300|6.2300
D|542021420|10041801|1|6.2300|6.2300
D|542021420|10041802|1|6.2300|6.2300
D|542021420|10041803|1|6.2300|6.2300
D|542021420|10041804|1|6.2300|6.2300
D|542021420|10060012|1|8.5500|8.5500
D|542021420|10060022|1|8.5500|8.5500
D|542021420|10060032|1|8.5500|8.5500
D|542021420|10060292|1|8.5500|8.5500
D|542021420|10089013|1|10.8600|10.8600
D|542021420|10089015|1|10.8600|10.8600
D|542021420|10089022|1|10.8600|10.8600
D|542021420|10089023|2|10.8600|21.7200
D|542021420|10089025|1|10.8600|10.8600
D|542021420|10089032|1|10.8600|10.8600
D|542021420|10089033|2|10.8600|21.7200
D|542021420|10089035|2|10.8600|21.7200
D|542021420|10089093|1|10.8600|10.8600
D|542021420|10089095|1|10.8600|10.8600
D|542021420|10089433|1|10.8600|10.8600
D|542021420|10089435|1|10.8600|10.8600
D|542021420|10185012|2|6.9400|13.8800
D|542021420|10185042|2|6.9400|13.8800
D|542021420|10185092|2|6.9400|13.8800
D|542021420|10185122|2|6.9400|13.8800
D|542021420|10188013|1|5.7100|5.7100
D|542021420|10188033|2|5.7100|11.4200
D|542021420|10188553|1|5.7100|5.7100
D|542021420|10188623|1|5.7100|5.7100
D|542021420|10188803|1|5.7100|5.7100
D|542021420|10200032|2|7.2100|14.4200
D|542021420|10200033|2|7.2100|14.4200
D|542021420|10200092|2|7.2100|14.4200
D|542021420|10200093|1|7.2100|7.2100
D|542021420|10200182|2|7.2100|14.4200
D|542021420|10200432|2|7.2100|14.4200
D|542021420|10200433|1|7.2100|7.2100
D|542021420|10203011|1|6.7500|6.7500
D|542021420|10203031|2|6.7500|13.5000
D|542021420|10203561|1|6.7500|6.7500
D|542021420|10203651|1|6.7500|6.7500
D|542021420|10203661|1|6.7500|6.7500
D|542021420|10211562|2|6.1300|12.2600
D|542021420|10211652|2|6.1300|12.2600
D|542021420|10211662|2|6.1300|12.2600
D|542021420|10251561|1|7.3200|7.3200
D|542021420|10251562|2|7.3200|14.6400
D|542021420|10251641|1|7.3200|7.3200
D|542021420|10251642|2|7.3200|14.6400
D|542021420|10251651|1|7.3200|7.3200
D|542021420|10251652|2|7.3200|14.6400
D|542021420|10251661|1|7.3200|7.3200
D|542021420|10251662|2|7.3200|14.6400
D|542021420|10253012|1|7.3800|7.3800
D|542021420|10253013|1|7.3800|7.3800
D|542021420|10253032|1|7.3800|7.3800
D|542021420|10253033|1|7.3800|7.3800
D|542021420|10253052|1|7.3800|7.3800
D|542021420|10253053|1|7.3800|7.3800
D|542021420|10253092|1|7.3800|7.3800
D|542021420|10253093|1|7.3800|7.3800
D|542021420|10253602|1|7.3800|7.3800
D|542021420|10253603|1|7.3800|7.3800
D|542021420|10253622|1|7.3800|7.3800
D|542021420|10253623|1|7.3800|7.3800
D|542021420|10276011|1|7.2100|7.2100
D|542021420|10276012|1|7.2100|7.2100
D|542021420|10276013|1|7.2100|7.2100
D|542021420|10276031|1|7.2100|7.2100
D|542021420|10276032|2|7.2100|14.4200
D|542021420|10276033|1|7.2100|7.2100
D|542021420|10276034|1|7.2100|7.2100
D|542021420|10276091|1|7.2100|7.2100
D|542021420|10276092|2|7.2100|14.4200
D|542021420|10276093|1|7.2100|7.2100
D|542021420|10276094|1|7.2100|7.2100
D|542021420|10276601|1|7.2100|7.2100
D|542021420|10276602|2|7.2100|14.4200
D|542021420|10276603|1|7.2100|7.2100
D|542021420|10276604|1|7.2100|7.2100
D|542021420|10276621|1|7.2100|7.2100
D|542021420|10276622|1|7.2100|7.2100
D|542021420|10276623|1|7.2100|7.2100
D|542021420|10276624|1|7.2100|7.2100
D|542021420|10288011|1|8.0100|8.0100
D|542021420|10288013|1|8.0100|8.0100
D|542021420|10288031|1|8.0100|8.0100
D|542021420|10288032|1|8.0100|8.0100
D|542021420|10288033|2|8.0100|16.0200
D|542021420|10288431|1|8.0100|8.0100
D|542021420|10288432|1|8.0100|8.0100
D|542021420|10288433|2|8.0100|16.0200
D|542021420|10288551|1|8.0100|8.0100
D|542021420|10288552|1|8.0100|8.0100
D|542021420|10288553|2|8.0100|16.0200
D|542021420|10288601|1|8.0100|8.0100
D|542021420|10288603|1|8.0100|8.0100
D|542021420|10288801|1|8.0100|8.0100
D|542021420|10288802|1|8.0100|8.0100
D|542021420|10288803|1|8.0100|8.0100
D|542021420|10293011|1|8.2700|8.2700
D|542021420|10293012|2|8.2700|16.5400
D|542021420|10293013|2|8.2700|16.5400
D|542021420|10293031|2|8.2700|16.5400
D|542021420|10293032|2|8.2700|16.5400
D|542021420|10293033|2|8.2700|16.5400
D|542021420|10293551|2|8.2700|16.5400
D|542021420|10293552|2|8.2700|16.5400
D|542021420|10293553|2|8.2700|16.5400
D|542021420|10293811|1|8.2700|8.2700
D|542021420|10293812|2|8.2700|16.5400
D|542021420|10293813|2|8.2700|16.5400
D|542021420|10298012|2|7.9200|15.8400
D|542021420|10298013|2|7.9200|15.8400
D|542021420|10298031|1|7.9200|7.9200
D|542021420|10298032|2|7.9200|15.8400
D|542021420|10298033|2|7.9200|15.8400
D|542021420|10298551|1|7.9200|7.9200
D|542021420|10298552|2|7.9200|15.8400
D|542021420|10298553|2|7.9200|15.8400
D|542021420|10298812|2|7.9200|15.8400
D|542021420|10298813|2|7.9200|15.8400
D|542021420|10306032|2|8.0100|16.0200
D|542021420|10306122|2|8.0100|16.0200
D|542021420|10306602|2|8.0100|16.0200
D|542021420|10306802|2|8.0100|16.0200
D|542021420|10313031|1|8.6200|8.6200
D|542021420|10313032|1|8.6200|8.6200
D|542021420|10313033|1|8.6200|8.6200
D|542021420|10313121|1|8.6200|8.6200
D|542021420|10313122|1|8.6200|8.6200
D|542021420|10313123|1|8.6200|8.6200
D|542021420|10313601|1|8.6200|8.6200
D|542021420|10313602|1|8.6200|8.6200
D|542021420|10313603|1|8.6200|8.6200
D|542021420|10313801|1|8.6200|8.6200
D|542021420|10313802|1|8.6200|8.6200
D|542021420|10313803|1|8.6200|8.6200
D|542021420|10318011|2|9.4600|18.9200
D|542021420|10318012|2|9.4600|18.9200
D|542021420|10318013|2|9.4600|18.9200
D|542021420|10318091|2|9.4600|18.9200
D|542021420|10318092|2|9.4600|18.9200
D|542021420|10318093|2|9.4600|18.9200
D|542021420|10318621|2|9.4600|18.9200
D|542021420|10318622|2|9.4600|18.9200
D|542021420|10318623|2|9.4600|18.9200
D|542021420|10326033|1|19.2100|19.2100
D|542021420|10326034|1|19.2100|19.2100
D|542021420|10326035|1|19.2100|19.2100
D|542021420|10326036|1|19.2100|19.2100
D|542021420|10326803|1|19.2100|19.2100
D|542021420|10326804|1|19.2100|19.2100
D|542021420|10326805|1|19.2100|19.2100
D|542021420|10326806|1|19.2100|19.2100
D|542021420|10327561|1|8.4000|8.4000
D|542021420|10327562|1|8.4000|8.4000
D|542021420|10327563|1|8.4000|8.4000
D|542021420|10327641|1|8.4000|8.4000
D|542021420|10327642|1|8.4000|8.4000
D|542021420|10327643|1|8.4000|8.4000
D|542021420|10327651|1|8.4000|8.4000
D|542021420|10327652|1|8.4000|8.4000
D|542021420|10327653|1|8.4000|8.4000
D|542021420|10327661|1|8.4000|8.4000
D|542021420|10327662|1|8.4000|8.4000
D|542021420|10327663|1|8.4000|8.4000
D|542021420|10329011|2|9.4600|18.9200
D|542021420|10329012|2|9.4600|18.9200
D|542021420|10329013|2|9.4600|18.9200
D|542021420|10329091|2|9.4600|18.9200
D|542021420|10329092|2|9.4600|18.9200
D|542021420|10329093|2|9.4600|18.9200
D|542021420|10329121|2|9.4600|18.9200
D|542021420|10329122|2|9.4600|18.9200
D|542021420|10329123|2|9.4600|18.9200
D|542021421|10010011|4|5.3200|21.2800
D|542021421|10010012|8|5.3200|42.5600
D|542021421|10010013|8|5.3200|42.5600
D|542021421|10010031|4|5.3200|21.2800
D|542021421|10010032|8|5.3200|42.5600
D|542021421|10010033|8|5.3200|42.5600
D|542021421|10010041|4|5.3200|21.2800
D|542021421|10010042|8|5.3200|42.5600
D|542021421|10010043|8|5.3200|42.5600
D|542021421|10010261|4|5.3200|21.2800
D|542021421|10010262|8|5.3200|42.5600
D|542021421|10010263|8|5.3200|42.5600
D|542021421|10010291|4|5.3200|21.2800
D|542021421|10010292|8|5.3200|42.5600
D|542021421|10010293|8|5.3200|42.5600
D|542021421|10010621|4|5.3200|21.2800
D|542021421|10010622|8|5.3200|42.5600
D|542021421|10010623|8|5.3200|42.5600
D|542021421|10026011|6|5.1300|30.7800
D|542021421|10026012|8|5.1300|41.0400
D|542021421|10026013|6|5.1300|30.7800
D|542021421|10026021|6|5.1300|30.7800
D|542021421|10026022|8|5.1300|41.0400
D|542021421|10026023|6|5.1300|30.7800
D|542021421|10026031|6|5.1300|30.7800
D|542021421|10026032|8|5.1300|41.0400
D|542021421|10026033|6|5.1300|30.7800
D|542021421|10026051|6|5.1300|30.7800
D|542021421|10026052|8|5.1300|41.0400
D|542021421|10026053|6|5.1300|30.7800
D|542021421|10026071|6|5.1300|30.7800
D|542021421|10026072|8|5.1300|41.0400
D|542021421|10026073|6|5.1300|30.7800
D|542021421|10026101|6|5.1300|30.7800
D|542021421|10026102|8|5.1300|41.0400
D|542021421|10026103|6|5.1300|30.7800
D|542021421|10026221|6|5.1300|30.7800
D|542021421|10026222|8|5.1300|41.0400
D|542021421|10026223|6|5.1300|30.7800
D|542021421|10026261|6|5.1300|30.7800
D|542021421|10026262|8|5.1300|41.0400
D|542021421|10026263|6|5.1300|30.7800
D|542021421|10026801|6|5.1300|30.7800
D|542021421|10026802|8|5.1300|41.0400
D|542021421|10026803|6|5.1300|30.7800
D|542021421|10041011|6|6.2300|37.3800
D|542021421|10041012|10|6.2300|62.3000
D|542021421|10041013|10|6.2300|62.3000
D|542021421|10041014|8|6.2300|49.8400
D|542021421|10041021|6|6.2300|37.3800
D|542021421|10041022|10|6.2300|62.3000
D|542021421|10041023|10|6.2300|62.3000
D|542021421|10041024|8|6.2300|49.8400
D|542021421|10041031|6|6.2300|37.3800
D|542021421|10041032|10|6.2300|62.3000
D|542021421|10041033|10|6.2300|62.3000
D|542021421|10041034|8|6.2300|49.8400
D|542021421|10041091|6|6.2300|37.3800
D|542021421|10041092|10|6.2300|62.3000
D|542021421|10041093|10|6.2300|62.3000
D|542021421|10041094|8|6.2300|49.8400
D|542021421|10041101|6|6.2300|37.3800
D|542021421|10041102|10|6.2300|62.3000
D|542021421|10041103|10|6.2300|62.3000
D|542021421|10041104|8|6.2300|49.8400
D|542021421|10041801|6|6.2300|37.3800
D|542021421|10041802|10|6.2300|62.3000
D|542021421|10041803|10|6.2300|62.3000
D|542021421|10041804|8|6.2300|49.8400
D|542021421|10045011|7|8.2400|57.6800
D|542021421|10045012|12|8.2400|98.8800
D|542021421|10045013|12|8.2400|98.8800
D|542021421|10045031|7|8.2400|57.6800
D|542021421|10045032|12|8.2400|98.8800
D|542021421|10045033|12|8.2400|98.8800
D|542021421|10045211|7|8.2400|57.6800
D|542021421|10045212|12|8.2400|98.8800
D|542021421|10045213|12|8.2400|98.8800
D|542021421|10045551|7|8.2400|57.6800
D|542021421|10045552|12|8.2400|98.8800
D|542021421|10045553|12|8.2400|98.8800
D|542021421|10045801|7|8.2400|57.6800
D|542021421|10045802|12|8.2400|98.8800
D|542021421|10045803|12|8.2400|98.8800
D|542021421|10057011|4|6.0300|24.1200
D|542021421|10057012|10|6.0300|60.3000
D|542021421|10057013|6|6.0300|36.1800
D|542021421|10057031|4|6.0300|24.1200
D|542021421|10057032|10|6.0300|60.3000
D|542021421|10057033|6|6.0300|36.1800
D|542021421|10057051|4|6.0300|24.1200
D|542021421|10057052|10|6.0300|60.3000
D|542021421|10057053|6|6.0300|36.1800
D|542021421|10057091|4|6.0300|24.1200
D|542021421|10057092|10|6.0300|60.3000
D|542021421|10057093|6|6.0300|36.1800
D|542021421|10057221|4|6.0300|24.1200
D|542021421|10057222|10|6.0300|60.3000
D|542021421|10057223|6|6.0300|36.1800
D|542021421|10057261|4|6.0300|24.1200
D|542021421|10057262|10|6.0300|60.3000
D|542021421|10057263|6|6.0300|36.1800
D|542021421|10060011|12|8.5500|102.6000
D|542021421|10060012|18|8.5500|153.9000
D|542021421|10060013|12|8.5500|102.6000
D|542021421|10060014|9|8.5500|76.9500
D|542021421|10060021|12|8.5500|102.6000
D|542021421|10060022|18|8.5500|153.9000
D|542021421|10060023|12|8.5500|102.6000
D|542021421|10060024|9|8.5500|76.9500
D|542021421|10060031|12|8.5500|102.6000
D|542021421|10060032|18|8.5500|153.9000
D|542021421|10060033|12|8.5500|102.6000
D|542021421|10060034|9|8.5500|76.9500
D|542021421|10060291|12|8.5500|102.6000
D|542021421|10060292|18|8.5500|153.9000
D|542021421|10060293|12|8.5500|102.6000
D|542021421|10060294|9|8.5500|76.9500
D|542021421|10069011|5|7.6300|38.1500
D|542021421|10069012|15|7.6300|114.4500
D|542021421|10069013|10|7.6300|76.3000
D|542021421|10069031|5|7.6300|38.1500
D|542021421|10069032|15|7.6300|114.4500
D|542021421|10069033|10|7.6300|76.3000
D|542021421|10069211|5|7.6300|38.1500
D|542021421|10069212|15|7.6300|114.4500
D|542021421|10069213|10|7.6300|76.3000
D|542021421|10069221|5|7.6300|38.1500
D|542021421|10069222|15|7.6300|114.4500
D|542021421|10069223|10|7.6300|76.3000
D|542021421|10069261|5|7.6300|38.1500
D|542021421|10069262|15|7.6300|114.4500
D|542021421|10069263|10|7.6300|76.3000
D|542021421|10140011|7|5.8300|40.8100
D|542021421|10140012|9|5.8300|52.4700
D|542021421|10140013|5|5.8300|29.1500
D|542021421|10140031|7|5.8300|40.8100
D|542021421|10140032|9|5.8300|52.4700
D|542021421|10140033|5|5.8300|29.1500
D|542021421|10140071|7|5.8300|40.8100
D|542021421|10140072|9|5.8300|52.4700
D|542021421|10140073|5|5.8300|29.1500
D|542021421|10140101|7|5.8300|40.8100
D|542021421|10140102|9|5.8300|52.4700
D|542021421|10140103|5|5.8300|29.1500
D|542021421|10140551|7|5.8300|40.8100
D|542021421|10140552|9|5.8300|52.4700
D|542021421|10140553|5|5.8300|29.1500
D|542021421|10140621|7|5.8300|40.8100
D|542021421|10140622|9|5.8300|52.4700
D|542021421|10140623|5|5.8300|29.1500
D|542021421|10140801|7|5.8300|40.8100
D|542021421|10140802|9|5.8300|52.4700
D|542021421|10140803|5|5.8300|29.1500
D|542021421|10153011|9|10.6700|96.0300
D|542021421|10153012|12|10.6700|128.0400
D|542021421|10153013|6|10.6700|64.0200
D|542021421|10153031|9|10.6700|96.0300
D|542021421|10153032|12|10.6700|128.0400
D|542021421|10153033|6|10.6700|64.0200
D|542021421|10153121|9|10.6700|96.0300
D|542021421|10153122|12|10.6700|128.0400
D|542021421|10153123|6|10.6700|64.0200
D|542021421|10153621|9|10.6700|96.0300
D|542021421|10153622|12|10.6700|128.0400
D|542021421|10153623|6|10.6700|64.0200
D|542021421|10185011|15|6.9400|104.1000
D|542021421|10185012|20|6.9400|138.8000
D|542021421|10185013|20|6.9400|138.8000
D|542021421|10185041|15|6.9400|104.1000
D|542021421|10185042|20|6.9400|138.8000
D|542021421|10185043|20|6.9400|138.8000
D|542021421|10185091|15|6.9400|104.1000
D|542021421|10185092|20|6.9400|138.8000
D|542021421|10185093|20|6.9400|138.8000
D|542021421|10185121|15|6.9400|104.1000
D|542021421|10185122|20|6.9400|138.8000
D|542021421|10185123|20|6.9400|138.8000
D|542021421|10188011|7|5.7100|39.9700
D|542021421|10188012|15|5.7100|85.6500
D|542021421|10188013|15|5.7100|85.6500
D|542021421|10188014|5|5.7100|28.5500
D|542021421|10188031|7|5.7100|39.9700
D|542021421|10188032|15|5.7100|85.6500
D|542021421|10188033|15|5.7100|85.6500
D|542021421|10188034|5|5.7100|28.5500
D|542021421|10188551|7|5.7100|39.9700
D|542021421|10188552|15|5.7100|85.6500
D|542021421|10188553|15|5.7100|85.6500
D|542021421|10188554|5|5.7100|28.5500
D|542021421|10188621|7|5.7100|39.9700
D|542021421|10188622|15|5.7100|85.6500
D|542021421|10188623|15|5.7100|85.6500
D|542021421|10188624|5|5.7100|28.5500
D|542021421|10188801|7|5.7100|39.9700
D|542021421|10188802|15|5.7100|85.6500
D|542021421|10188803|15|5.7100|85.6500
D|542021421|10188804|5|5.7100|28.5500
D|542021421|10197022|8|21.1700|169.3600
D|542021421|10197024|3|21.1700|63.5100
D|542021421|10197031|3|21.1700|63.5100
D|542021421|10197033|8|21.1700|169.3600
D|542021421|10197034|3|21.1700|63.5100
D|542021421|10200011|8|7.2100|57.6800
D|542021421|10200012|12|7.2100|86.5200
D|542021421|10200013|12|7.2100|86.5200
D|542021421|10200031|8|7.2100|57.6800
D|542021421|10200032|12|7.2100|86.5200
D|542021421|10200033|12|7.2100|86.5200
D|542021421|10200051|8|7.2100|57.6800
D|542021421|10200052|12|7.2100|86.5200
D|542021421|10200053|12|7.2100|86.5200
D|542021421|10200091|8|7.2100|57.6800
D|542021421|10200092|12|7.2100|86.5200
D|542021421|10200093|12|7.2100|86.5200
D|542021421|10200181|8|7.2100|57.6800
D|542021421|10200182|12|7.2100|86.5200
D|542021421|10200183|12|7.2100|86.5200
D|542021421|10200431|8|7.2100|57.6800
D|542021421|10200432|12|7.2100|86.5200
D|542021421|10200433|12|7.2100|86.5200
D|542021421|10201011|9|6.8500|61.6500
D|542021421|10201012|15|6.8500|102.7500
D|542021421|10201013|12|6.8500|82.2000
D|542021421|10201041|9|6.8500|61.6500
D|542021421|10201042|15|6.8500|102.7500
D|542021421|10201043|12|6.8500|82.2000
D|542021421|10201091|9|6.8500|61.6500
D|542021421|10201092|15|6.8500|102.7500
D|542021421|10201093|12|6.8500|82.2000
D|542021421|10201121|9|6.8500|61.6500
D|542021421|10201122|15|6.8500|102.7500
D|542021421|10201123|12|6.8500|82.2000
D|542021421|10205033|3|13.5600|40.6800
D|542021421|10205034|6|13.5600|81.3600
D|542021421|10205122|6|13.5600|81.3600
D|542021421|10205123|6|13.5600|81.3600
D|542021421|10211561|6|6.1300|36.7800
D|542021421|10211562|12|6.1300|73.5600
D|542021421|10211563|12|6.1300|73.5600
D|542021421|10211641|6|6.1300|36.7800
D|542021421|10211642|12|6.1300|73.5600
D|542021421|10211643|12|6.1300|73.5600
D|542021421|10211651|6|6.1300|36.7800
D|542021421|10211652|12|6.1300|73.5600
D|542021421|10211653|12|6.1300|73.5600
D|542021421|10211661|6|6.1300|36.7800
D|542021421|10211662|12|6.1300|73.5600
D|542021421|10211663|12|6.1300|73.5600
D|542021421|10213021|3|21.1700|63.5100
D|542021421|10213022|6|21.1700|127.0200
D|542021421|10213023|6|21.1700|127.0200
D|542021421|10213031|3|21.1700|63.5100
D|542021421|10213032|6|21.1700|127.0200
D|542021421|10213033|6|21.1700|127.0200
D|542021421|10219011|9|6.7500|60.7500
D|542021421|10219012|12|6.7500|81.0000
D|542021421|10219013|9|6.7500|60.7500
D|542021421|10219031|9|6.7500|60.7500
D|542021421|10219032|12|6.7500|81.0000
D|542021421|10219033|9|6.7500|60.7500
D|542021421|10219211|9|6.7500|60.7500
D|542021421|10219212|12|6.7500|81.0000
D|542021421|10219213|9|6.7500|60.7500
D|542021421|10219551|9|6.7500|60.7500
D|542021421|10219552|12|6.7500|81.0000
D|542021421|10219553|9|6.7500|60.7500
D|542021421|10223012|15|6.9400|104.1000
D|542021421|10223013|12|6.9400|83.2800
D|542021421|10223032|15|6.9400|104.1000
D|542021421|10223033|12|6.9400|83.2800
D|542021421|10223432|15|6.9400|104.1000
D|542021421|10223433|12|6.9400|83.2800
D|542021421|10223552|15|6.9400|104.1000
D|542021421|10223553|12|6.9400|83.2800
D|542021421|10229031|6|18.2900|109.7400
D|542021421|10229032|8|18.2900|146.3200
D|542021421|10229033|8|18.2900|146.3200
D|542021421|10229034|6|18.2900|109.7400
D|542021421|10229621|6|18.2900|109.7400
D|542021421|10229622|8|18.2900|146.3200
D|542021421|10229623|8|18.2900|146.3200
D|542021421|10229624|6|18.2900|109.7400
D|542021421|10230032|6|16.6000|99.6000
D|542021421|10230033|6|16.6000|99.6000
D|542021421|10230622|6|16.6000|99.6000
D|542021421|10230623|6|16.6000|99.6000
D|542021421|10231031|3|14.9400|44.8200
D|542021421|10231032|6|14.9400|89.6400
D|542021421|10231033|4|14.9400|59.7600
D|542021421|10231034|3|14.9400|44.8200
D|542021421|10231621|6|14.9400|89.6400
D|542021421|10231622|6|14.9400|89.6400
D|542021421|10231623|4|14.9400|59.7600
D|542021421|10231624|3|14.9400|44.8200
D|542021421|10253012|10|7.3800|73.8000
D|542021421|10253013|10|7.3800|73.8000
D|542021421|10253032|10|7.3800|73.8000
D|542021421|10253033|10|7.3800|73.8000
D|542021421|10253052|10|7.3800|73.8000
D|542021421|10253053|10|7.3800|73.8000
D|542021421|10253092|10|7.3800|73.8000
D|542021421|10253093|10|7.3800|73.8000
D|542021421|10253602|10|7.3800|73.8000
D|542021421|10253603|10|7.3800|73.8000
D|542021421|10253622|10|7.3800|73.8000
D|542021421|10253623|10|7.3800|73.8000
D|542021421|10269021|6|28.0100|168.0600
D|542021421|10269022|8|28.0100|224.0800
D|542021421|10269023|6|28.0100|168.0600
D|542021421|10269024|6|28.0100|168.0600
D|542021421|10269033|6|28.0100|168.0600
D|542021421|10269034|6|28.0100|168.0600
D|542021421|10273011|10|7.5600|75.6000
D|542021421|10273012|15|7.5600|113.4000
D|542021421|10273013|10|7.5600|75.6000
D|542021421|10273031|10|7.5600|75.6000
D|542021421|10273032|15|7.5600|113.4000
D|542021421|10273033|10|7.5600|75.6000
D|542021421|10273041|10|7.5600|75.6000
D|542021421|10273042|15|7.5600|113.4000
D|542021421|10273043|10|7.5600|75.6000
D|542021421|10273431|10|7.5600|75.6000
D|542021421|10273432|15|7.5600|113.4000
D|542021421|10273433|10|7.5600|75.6000
D|542021421|10273551|10|7.5600|75.6000
D|542021421|10273552|15|7.5600|113.4000
D|542021421|10273553|10|7.5600|75.6000
D|542021421|10276011|10|7.2100|72.1000
D|542021421|10276012|20|7.2100|144.2000
D|542021421|10276013|15|7.2100|108.1500
D|542021421|10276014|10|7.2100|72.1000
D|542021421|10276031|10|7.2100|72.1000
D|542021421|10276032|20|7.2100|144.2000
D|542021421|10276033|15|7.2100|108.1500
D|542021421|10276034|10|7.2100|72.1000
D|542021421|10276091|10|7.2100|72.1000
D|542021421|10276092|20|7.2100|144.2000
D|542021421|10276093|15|7.2100|108.1500
D|542021421|10276094|10|7.2100|72.1000
D|542021421|10276601|10|7.2100|72.1000
D|542021421|10276602|20|7.2100|144.2000
D|542021421|10276603|15|7.2100|108.1500
D|542021421|10276604|10|7.2100|72.1000
D|542021421|10276621|10|7.2100|72.1000
D|542021421|10276622|20|7.2100|144.2000
D|542021421|10276623|15|7.2100|108.1500
D|542021421|10276624|10|7.2100|72.1000
D|542021421|10288011|7|8.0100|56.0700
D|542021421|10288012|10|8.0100|80.1000
D|542021421|10288013|8|8.0100|64.0800
D|542021421|10288031|7|8.0100|56.0700
D|542021421|10288032|10|8.0100|80.1000
D|542021421|10288033|8|8.0100|64.0800
D|542021421|10288431|7|8.0100|56.0700
D|542021421|10288432|10|8.0100|80.1000
D|542021421|10288433|8|8.0100|64.0800
D|542021421|10288551|7|8.0100|56.0700
D|542021421|10288552|10|8.0100|80.1000
D|542021421|10288553|8|8.0100|64.0800
D|542021421|10288601|7|8.0100|56.0700
D|542021421|10288602|10|8.0100|80.1000
D|542021421|10288603|8|8.0100|64.0800
D|542021421|10288801|7|8.0100|56.0700
D|542021421|10288802|10|8.0100|80.1000
D|542021421|10288803|8|8.0100|64.0800
D|542021421|10289011|12|6.9400|83.2800
D|542021421|10289012|18|6.9400|124.9200
D|542021421|10289013|12|6.9400|83.2800
D|542021421|10289031|12|6.9400|83.2800
D|542021421|10289032|18|6.9400|124.9200
D|542021421|10289033|12|6.9400|83.2800
D|542021421|10289261|12|6.9400|83.2800
D|542021421|10289262|18|6.9400|124.9200
D|542021421|10289263|12|6.9400|83.2800
D|542021421|10289601|12|6.9400|83.2800
D|542021421|10289602|18|6.9400|124.9200
D|542021421|10289603|12|6.9400|83.2800
D|542021421|10298011|9|7.9200|71.2800
D|542021421|10298012|15|7.9200|118.8000
D|542021421|10298013|15|7.9200|118.8000
D|542021421|10298031|9|7.9200|71.2800
D|542021421|10298032|15|7.9200|118.8000
D|542021421|10298033|15|7.9200|118.8000
D|542021421|10298551|9|7.9200|71.2800
D|542021421|10298552|15|7.9200|118.8000
D|542021421|10298553|15|7.9200|118.8000
D|542021421|10298811|9|7.9200|71.2800
D|542021421|10298812|15|7.9200|118.8000
D|542021421|10298813|15|7.9200|118.8000
D|542021421|10304011|8|8.9700|71.7600
D|542021421|10304012|16|8.9700|143.5200
D|542021421|10304013|12|8.9700|107.6400
D|542021421|10304091|8|8.9700|71.7600
D|542021421|10304092|16|8.9700|143.5200
D|542021421|10304093|12|8.9700|107.6400
D|542021421|10304621|8|8.9700|71.7600
D|542021421|10304622|16|8.9700|143.5200
D|542021421|10304623|12|8.9700|107.6400
D|542021421|10306031|12|8.0100|96.1200
D|542021421|10306032|15|8.0100|120.1500
D|542021421|10306033|12|8.0100|96.1200
D|542021421|10306121|12|8.0100|96.1200
D|542021421|10306122|15|8.0100|120.1500
D|542021421|10306123|12|8.0100|96.1200
D|542021421|10306601|12|8.0100|96.1200
D|542021421|10306602|15|8.0100|120.1500
D|542021421|10306603|12|8.0100|96.1200
D|542021421|10306801|12|8.0100|96.1200
D|542021421|10306802|15|8.0100|120.1500
D|542021421|10306803|12|8.0100|96.1200
D|542021421|10313031|6|8.6200|51.7200
D|542021421|10313032|12|8.6200|103.4400
D|542021421|10313033|9|8.6200|77.5800
D|542021421|10313121|6|8.6200|51.7200
D|542021421|10313122|12|8.6200|103.4400
D|542021421|10313123|9|8.6200|77.5800
D|542021421|10313601|6|8.6200|51.7200
D|542021421|10313602|12|8.6200|103.4400
D|542021421|10313603|9|8.6200|77.5800
D|542021421|10313801|6|8.6200|51.7200
D|542021421|10313802|12|8.6200|103.4400
D|542021421|10313803|9|8.6200|77.5800
D|542021421|10314031|6|8.1400|48.8400
D|542021421|10314032|12|8.1400|97.6800
D|542021421|10314033|9|8.1400|73.2600
D|542021421|10314121|6|8.1400|48.8400
D|542021421|10314122|12|8.1400|97.6800
D|542021421|10314123|9|8.1400|73.2600
D|542021421|10314601|6|8.1400|48.8400
D|542021421|10314602|12|8.1400|97.6800
D|542021421|10314603|9|8.1400|73.2600
D|542021421|10314801|6|8.1400|48.8400
D|542021421|10314802|12|8.1400|97.6800
D|542021421|10314803|9|8.1400|73.2600
D|542021421|10315011|5|10.3800|51.9000
D|542021421|10315012|10|10.3800|103.8000
D|542021421|10315013|10|10.3800|103.8000
D|542021421|10315031|5|10.3800|51.9000
D|542021421|10315032|10|10.3800|103.8000
D|542021421|10315033|10|10.3800|103.8000
D|542021421|10315431|5|10.3800|51.9000
D|542021421|10315432|10|10.3800|103.8000
D|542021421|10315433|10|10.3800|103.8000
D|542021421|10315621|5|10.3800|51.9000
D|542021421|10315622|10|10.3800|103.8000
D|542021421|10315623|10|10.3800|103.8000
D|542021421|10315801|5|10.3800|51.9000
D|542021421|10315802|10|10.3800|103.8000
D|542021421|10315803|10|10.3800|103.8000
D|542021421|10319011|9|9.2500|83.2500
D|542021421|10319012|15|9.2500|138.7500
D|542021421|10319013|15|9.2500|138.7500
D|542021421|10319014|9|9.2500|83.2500
D|542021421|10319031|9|9.2500|83.2500
D|542021421|10319032|15|9.2500|138.7500
D|542021421|10319033|15|9.2500|138.7500
D|542021421|10319034|9|9.2500|83.2500
D|542021421|10319431|9|9.2500|83.2500
D|542021421|10319432|15|9.2500|138.7500
D|542021421|10319433|15|9.2500|138.7500
D|542021421|10319434|9|9.2500|83.2500
D|542021421|10319801|9|9.2500|83.2500
D|542021421|10319802|15|9.2500|138.7500
D|542021421|10319803|15|9.2500|138.7500
D|542021421|10319804|9|9.2500|83.2500
D|542021421|10327561|12|8.4000|100.8000
D|542021421|10327562|18|8.4000|151.2000
D|542021421|10327563|18|8.4000|151.2000
D|542021421|10327641|12|8.4000|100.8000
D|542021421|10327642|18|8.4000|151.2000
D|542021421|10327643|18|8.4000|151.2000
D|542021421|10327651|12|8.4000|100.8000
D|542021421|10327652|18|8.4000|151.2000
D|542021421|10327653|18|8.4000|151.2000
D|542021421|10327661|12|8.4000|100.8000
D|542021421|10327662|18|8.4000|151.2000
D|542021421|10327663|18|8.4000|151.2000
D|542021421|10329011|8|9.4600|75.6800
D|542021421|10329012|16|9.4600|151.3600
D|542021421|10329013|16|9.4600|151.3600
D|542021421|10329091|8|9.4600|75.6800
D|542021421|10329092|16|9.4600|151.3600
D|542021421|10329093|16|9.4600|151.3600
D|542021421|10329121|8|9.4600|75.6800
D|542021421|10329122|16|9.4600|151.3600
D|542021421|10329123|16|9.4600|151.3600
D|542021421|10330011|5|0.0000|0.0000
D|542021421|10330012|10|0.0000|0.0000
D|542021421|10330013|10|0.0000|0.0000
D|542021421|10330031|5|0.0000|0.0000
D|542021421|10330032|10|0.0000|0.0000
D|542021421|10330033|10|0.0000|0.0000
D|542021421|10330431|5|0.0000|0.0000
D|542021421|10330432|10|0.0000|0.0000
D|542021421|10330433|10|0.0000|0.0000
D|542021421|10330621|5|0.0000|0.0000
D|542021421|10330622|10|0.0000|0.0000
D|542021421|10330623|10|0.0000|0.0000
D|542021421|10330801|5|0.0000|0.0000
D|542021421|10330802|10|0.0000|0.0000
D|542021421|10330803|10|0.0000|0.0000
D|542021422|10029012|3|7.3400|22.0200
D|542021422|10029013|3|7.3400|22.0200
D|542021422|10029022|18|7.3400|132.1200
D|542021422|10029023|18|7.3400|132.1200
D|542021422|10029032|18|7.3400|132.1200
D|542021422|10029033|18|7.3400|132.1200
D|542021422|10029092|3|7.3400|22.0200
D|542021422|10029093|6|7.3400|44.0400
D|542021422|10040011|4|6.4400|25.7600
D|542021422|10040012|6|6.4400|38.6400
D|542021422|10040013|4|6.4400|25.7600
D|542021422|10040031|4|6.4400|25.7600
D|542021422|10040032|6|6.4400|38.6400
D|542021422|10040033|4|6.4400|25.7600
D|542021422|10040071|4|6.4400|25.7600
D|542021422|10040072|6|6.4400|38.6400
D|542021422|10040073|4|6.4400|25.7600
D|542021422|10040101|4|6.4400|25.7600
D|542021422|10040102|6|6.4400|38.6400
D|542021422|10040103|4|6.4400|25.7600
D|542021422|10040221|4|6.4400|25.7600
D|542021422|10040222|6|6.4400|38.6400
D|542021422|10040223|4|6.4400|25.7600
D|542021422|10040261|4|6.4400|25.7600
D|542021422|10040262|6|6.4400|38.6400
D|542021422|10040263|4|6.4400|25.7600
D|542021422|10040801|4|6.4400|25.7600
D|542021422|10040802|6|6.4400|38.6400
D|542021422|10040803|4|6.4400|25.7600
D|542021422|10051011|4|5.6900|22.7600
D|542021422|10051012|12|5.6900|68.2800
D|542021422|10051013|4|5.6900|22.7600
D|542021422|10051031|4|5.6900|22.7600
D|542021422|10051032|9|5.6900|51.2100
D|542021422|10051033|9|5.6900|51.2100
D|542021422|10051061|3|5.6900|17.0700
D|542021422|10051062|6|5.6900|34.1400
D|542021422|10051063|3|5.6900|17.0700
D|542021422|10051221|3|5.6900|17.0700
D|542021422|10051222|9|5.6900|51.2100
D|542021422|10051223|3|5.6900|17.0700
D|542021422|10051431|3|5.6900|17.0700
D|542021422|10051432|12|5.6900|68.2800
D|542021422|10051433|6|5.6900|34.1400
D|542021422|10051561|4|5.6900|22.7600
D|542021422|10051562|12|5.6900|68.2800
D|542021422|10051563|9|5.6900|51.2100
D|542021422|10051641|3|5.6900|17.0700
D|542021422|10051642|4|5.6900|22.7600
D|542021422|10051643|3|5.6900|17.0700
D|542021422|10051661|3|5.6900|17.0700
D|542021422|10051662|9|5.6900|51.2100
D|542021422|10051663|4|5.6900|22.7600
D|542021422|10057011|9|6.0300|54.2700
D|542021422|10057012|12|6.0300|72.3600
D|542021422|10057013|9|6.0300|54.2700
D|542021422|10057031|9|6.0300|54.2700
D|542021422|10057032|12|6.0300|72.3600
D|542021422|10057033|9|6.0300|54.2700
D|542021422|10057051|3|6.0300|18.0900
D|542021422|10057052|3|6.0300|18.0900
D|542021422|10057053|3|6.0300|18.0900
D|542021422|10057091|3|6.0300|18.0900
D|542021422|10057092|3|6.0300|18.0900
D|542021422|10057093|3|6.0300|18.0900
D|542021422|10057221|3|6.0300|18.0900
D|542021422|10057222|3|6.0300|18.0900
D|542021422|10057223|3|6.0300|18.0900
D|542021422|10057261|6|6.0300|36.1800
D|542021422|10057262|6|6.0300|36.1800
D|542021422|10057263|6|6.0300|36.1800
D|542021422|10064011|9|6.2300|56.0700
D|542021422|10064012|12|6.2300|74.7600
D|542021422|10064013|6|6.2300|37.3800
D|542021422|10064031|9|6.2300|56.0700
D|542021422|10064032|12|6.2300|74.7600
D|542021422|10064033|6|6.2300|37.3800
D|542021422|10064101|9|6.2300|56.0700
D|542021422|10064102|12|6.2300|74.7600
D|542021422|10064103|6|6.2300|37.3800
D|542021422|10064221|9|6.2300|56.0700
D|542021422|10064222|12|6.2300|74.7600
D|542021422|10064223|6|6.2300|37.3800
D|542021422|10064261|9|6.2300|56.0700
D|542021422|10064262|12|6.2300|74.7600
D|542021422|10064263|6|6.2300|37.3800
D|542021422|10064621|9|6.2300|56.0700
D|542021422|10064622|12|6.2300|74.7600
D|542021422|10064623|6|6.2300|37.3800
D|542021422|10064801|6|6.2300|37.3800
D|542021422|10064802|8|6.2300|49.8400
D|542021422|10064803|6|6.2300|37.3800
D|542021422|10089012|12|10.8600|130.3200
D|542021422|10089013|12|10.8600|130.3200
D|542021422|10089014|2|10.8600|21.7200
D|542021422|10089022|18|10.8600|195.4800
D|542021422|10089023|12|10.8600|130.3200
D|542021422|10089024|4|10.8600|43.4400
D|542021422|10089025|2|10.8600|21.7200
D|542021422|10089033|12|10.8600|130.3200
D|542021422|10089034|3|10.8600|32.5800
D|542021422|10089035|2|10.8600|21.7200
D|542021422|10089093|12|10.8600|130.3200
D|542021422|10089095|2|10.8600|21.7200
D|542021422|10089432|3|10.8600|32.5800
D|542021422|10089433|12|10.8600|130.3200
D|542021422|10089435|2|10.8600|21.7200
D|542021422|10155036|2|41.6200|83.2400
D|542021422|10155806|2|41.6200|83.2400
D|542021422|10185011|6|6.9400|41.6400
D|542021422|10185012|12|6.9400|83.2800
D|542021422|10185013|12|6.9400|83.2800
D|542021422|10185041|6|6.9400|41.6400
D|542021422|10185042|12|6.9400|83.2800
D|542021422|10185043|12|6.9400|83.2800
D|542021422|10185091|6|6.9400|41.6400
D|542021422|10185092|12|6.9400|83.2800
D|542021422|10185093|12|6.9400|83.2800
D|542021422|10185121|6|6.9400|41.6400
D|542021422|10185122|12|6.9400|83.2800
D|542021422|10185123|12|6.9400|83.2800
D|542021422|10197021|6|21.1700|127.0200
D|542021422|10197022|9|21.1700|190.5300
D|542021422|10197023|9|21.1700|190.5300
D|542021422|10197024|4|21.1700|84.6800
D|542021422|10197031|6|21.1700|127.0200
D|542021422|10197032|9|21.1700|190.5300
D|542021422|10197033|9|21.1700|190.5300
D|542021422|10197034|4|21.1700|84.6800
D|542021422|10203011|6|6.7500|40.5000
D|542021422|10203012|9|6.7500|60.7500
D|542021422|10203013|9|6.7500|60.7500
D|542021422|10203031|6|6.7500|40.5000
D|542021422|10203032|12|6.7500|81.0000
D|542021422|10203033|12|6.7500|81.0000
D|542021422|10203561|6|6.7500|40.5000
D|542021422|10203562|12|6.7500|81.0000
D|542021422|10203563|12|6.7500|81.0000
D|542021422|10203651|3|6.7500|20.2500
D|542021422|10203652|6|6.7500|40.5000
D|542021422|10203653|6|6.7500|40.5000
D|542021422|10203661|4|6.7500|27.0000
D|542021422|10203662|9|6.7500|60.7500
D|542021422|10203663|9|6.7500|60.7500
D|542021422|10206021|12|50.5500|606.6000
D|542021422|10206022|18|50.5500|909.9000
D|542021422|10206023|18|50.5500|909.9000
D|542021422|10206024|9|50.5500|454.9500
D|542021422|10206031|12|50.5500|606.6000
D|542021422|10206032|18|50.5500|909.9000
D|542021422|10206033|18|50.5500|909.9000
D|542021422|10206034|9|50.5500|454.9500
D|542021422|10211561|4|6.1300|24.5200
D|542021422|10211562|12|6.1300|73.5600
D|542021422|10211563|4|6.1300|24.5200
D|542021422|10211641|4|6.1300|24.5200
D|542021422|10211642|12|6.1300|73.5600
D|542021422|10211643|4|6.1300|24.5200
D|542021422|10211651|4|6.1300|24.5200
D|542021422|10211652|12|6.1300|73.5600
D|542021422|10211653|4|6.1300|24.5200
D|542021422|10211661|4|6.1300|24.5200
D|542021422|10211662|12|6.1300|73.5600
D|542021422|10211663|4|6.1300|24.5200
D|542021422|10219011|6|6.7500|40.5000
D|542021422|10219012|9|6.7500|60.7500
D|542021422|10219013|9|6.7500|60.7500
D|542021422|10219031|6|6.7500|40.5000
D|542021422|10219032|12|6.7500|81.0000
D|542021422|10219033|12|6.7500|81.0000
D|542021422|10219211|4|6.7500|27.0000
D|542021422|10219212|9|6.7500|60.7500
D|542021422|10219213|9|6.7500|60.7500
D|542021422|10219551|4|6.7500|27.0000
D|542021422|10219552|9|6.7500|60.7500
D|542021422|10219553|9|6.7500|60.7500
D|542021422|10229031|6|18.2900|109.7400
D|542021422|10229032|12|18.2900|219.4800
D|542021422|10229033|6|18.2900|109.7400
D|542021422|10229621|6|18.2900|109.7400
D|542021422|10229622|12|18.2900|219.4800
D|542021422|10229623|6|18.2900|109.7400
D|542021422|10231032|12|14.9400|179.2800
D|542021422|10231622|12|14.9400|179.2800
D|542021422|10253011|4|7.3800|29.5200
D|542021422|10253012|12|7.3800|88.5600
D|542021422|10253013|4|7.3800|29.5200
D|542021422|10253031|4|7.3800|29.5200
D|542021422|10253032|12|7.3800|88.5600
D|542021422|10253033|4|7.3800|29.5200
D|542021422|10253051|3|7.3800|22.1400
D|542021422|10253052|6|7.3800|44.2800
D|542021422|10253053|3|7.3800|22.1400
D|542021422|10253091|4|7.3800|29.5200
D|542021422|10253092|12|7.3800|88.5600
D|542021422|10253093|4|7.3800|29.5200
D|542021422|10253601|3|7.3800|22.1400
D|542021422|10253602|6|7.3800|44.2800
D|542021422|10253603|3|7.3800|22.1400
D|542021422|10253621|4|7.3800|29.5200
D|542021422|10253622|12|7.3800|88.5600
D|542021422|10253623|4|7.3800|29.5200
D|542021422|10273011|9|7.5600|68.0400
D|542021422|10273012|18|7.5600|136.0800
D|542021422|10273013|9|7.5600|68.0400
D|542021422|10273031|9|7.5600|68.0400
D|542021422|10273032|18|7.5600|136.0800
D|542021422|10273033|9|7.5600|68.0400
D|542021422|10273041|9|7.5600|68.0400
D|542021422|10273042|18|7.5600|136.0800
D|542021422|10273043|9|7.5600|68.0400
D|542021422|10273551|6|7.5600|45.3600
D|542021422|10273552|18|7.5600|136.0800
D|542021422|10273553|9|7.5600|68.0400
D|542021422|10289011|6|6.9400|41.6400
D|542021422|10289013|3|6.9400|20.8200
D|542021422|10289032|2|6.9400|13.8800
D|542021422|10289261|3|6.9400|20.8200
D|542021422|10289262|5|6.9400|34.7000
D|542021422|10289263|3|6.9400|20.8200
D|542021422|10289602|6|6.9400|41.6400
D|542021422|10289603|4|6.9400|27.7600
D|542021422|10306031|9|8.0100|72.0900
D|542021422|10306032|12|8.0100|96.1200
D|542021422|10306033|9|8.0100|72.0900
D|542021422|10306121|9|8.0100|72.0900
D|542021422|10306122|12|8.0100|96.1200
D|542021422|10306123|9|8.0100|72.0900
D|542021422|10306601|9|8.0100|72.0900
D|542021422|10306602|12|8.0100|96.1200
D|542021422|10306603|9|8.0100|72.0900
D|542021422|10306801|9|8.0100|72.0900
D|542021422|10306802|12|8.0100|96.1200
D|542021422|10306803|9|8.0100|72.0900
D|542021422|10310031|4|70.1200|280.4800
D|542021422|10310032|9|70.1200|631.0800
D|542021422|10310033|9|70.1200|631.0800
D|542021422|10310621|4|70.1200|280.4800
D|542021422|10310622|9|70.1200|631.0800
D|542021422|10310623|9|70.1200|631.0800
D|542021422|10312031|4|62.3500|249.4000
D|542021422|10312032|6|62.3500|374.1000
D|542021422|10312033|6|62.3500|374.1000
D|542021422|10312034|3|62.3500|187.0500
D|542021422|10312621|4|62.3500|249.4000
D|542021422|10312622|6|62.3500|374.1000
D|542021422|10312623|6|62.3500|374.1000
D|542021422|10312624|3|62.3500|187.0500
D|542021422|10313031|9|8.6200|77.5800
D|542021422|10313032|12|8.6200|103.4400
D|542021422|10313033|9|8.6200|77.5800
D|542021422|10313121|9|8.6200|77.5800
D|542021422|10313122|12|8.6200|103.4400
D|542021422|10313123|9|8.6200|77.5800
D|542021422|10313601|9|8.6200|77.5800
D|542021422|10313602|12|8.6200|103.4400
D|542021422|10313603|9|8.6200|77.5800
D|542021422|10313801|9|8.6200|77.5800
D|542021422|10313802|12|8.6200|103.4400
D|542021422|10313803|9|8.6200|77.5800