F|2023-04-13|53
C|532021209|102204|05|precio9|2602.05|0.0000|2602.05|468.37|3070.42|18|GENERADO|2023-04-13|53|0|0|0.0000
C|532021210|100482|05|precio9|16408.04|0.0000|16408.04|2953.45|19361.49|58|GENERADO|2023-04-13|53|0|0|0.0000
C|532021211||05||0.00|0.0000|0.00|0.00|0.00|0|GENERADO|2023-04-13|53|0|0|0.0000
C|532021212|100980|05|precio9|177.85|0.0000|177.85|32.01|209.86|8|GENERADO|2023-04-13|53|0|0|0.0000
C|532021213|1011546|05|precio9|6454.78|0.0000|6454.78|1161.86|7616.64|11|GENERADO|2023-04-13|53|0|0|0.0000
C|532021214|1011876|05|precio9|318.28|0.0000|318.28|57.29|375.57|13|GENERADO|2023-04-13|53|0|0|0.0000
D|532021209|10029011|2|7.3400|14.6800
D|532021209|10029012|3|7.3400|22.0200
D|532021209|10029021|2|7.3400|14.6800
D|532021209|10029022|3|7.3400|22.0200
D|532021209|10029031|2|7.3400|14.6800
D|532021209|10029032|3|7.3400|22.0200
D|532021209|10041011|6|6.2300|37.3800
D|532021209|10041012|6|6.2300|37.3800
D|532021209|10041013|3|6.2300|18.6900
D|532021209|10041021|2|6.2300|12.4600
D|532021209|10041023|2|6.2300|12.4600
D|532021209|10041031|3|6.2300|18.6900
D|532021209|10041032|3|6.2300|18.6900
D|532021209|10041091|3|6.2300|18.6900
D|532021209|10041092|6|6.2300|37.3800
D|532021209|10041093|2|6.2300|12.4600
D|532021209|10041801|2|6.2300|12.4600
D|532021209|10041802|3|6.2300|18.6900
D|532021209|10041803|2|6.2300|12.4600
D|532021209|10044015|3|21.3500|64.0500
D|532021209|10044016|4|21.3500|85.4000
D|532021209|10044017|2|21.3500|42.7000
D|532021209|10044025|2|21.3500|42.7000
D|532021209|10044026|3|21.3500|64.0500
D|532021209|10044027|2|21.3500|42.7000
D|532021209|10044036|2|21.3500|42.7000
D|532021209|10044037|2|21.3500|42.7000
D|532021209|10056014|2|23.5200|47.0400
D|532021209|10056033|1|23.5200|23.5200
D|532021209|10056034|2|23.5200|47.0400
D|532021209|10056623|1|23.5200|23.5200
D|532021209|10056624|1|23.5200|23.5200
D|532021209|10056625|1|23.5200|23.5200
D|532021209|10056803|1|23.5200|23.5200
D|532021209|10056804|1|23.5200|23.5200
D|532021209|10056805|1|23.5200|23.5200
D|532021209|10116014|2|20.4700|40.9400
D|532021209|10116015|1|20.4700|20.4700
D|532021209|10116016|2|20.4700|40.9400
D|532021209|10116035|1|20.4700|20.4700
D|532021209|10116625|2|20.4700|40.9400
D|532021209|10185041|1|6.9400|6.9400
D|532021209|10185042|3|6.9400|20.8200
D|532021209|10185091|1|6.9400|6.9400
D|532021209|10185092|3|6.9400|20.8200
D|532021209|10185121|3|6.9400|20.8200
D|532021209|10185122|3|6.9400|20.8200
D|532021209|10219011|1|6.7500|6.7500
D|532021209|10219012|3|6.7500|20.2500
D|532021209|10219013|2|6.7500|13.5000
D|532021209|10219031|1|6.7500|6.7500
D|532021209|10219032|3|6.7500|20.2500
D|532021209|10219033|2|6.7500|13.5000
D|532021209|10219211|1|6.7500|6.7500
D|532021209|10219212|3|6.7500|20.2500
D|532021209|10219213|2|6.7500|13.5000
D|532021209|10219551|1|6.7500|6.7500
D|532021209|10219552|3|6.7500|20.2500
D|532021209|10219553|2|6.7500|13.5000
D|532021209|10264011|2|6.9400|13.8800
D|532021209|10264012|2|6.9400|13.8800
D|532021209|10264013|2|6.9400|13.8800
D|532021209|10264031|2|6.9400|13.8800
D|532021209|10264032|2|6.9400|13.8800
D|532021209|10264033|2|6.9400|13.8800
D|532021209|10264621|2|6.9400|13.8800
D|532021209|10264622|2|6.9400|13.8800
D|532021209|10264623|2|6.9400|13.8800
D|532021209|10269022|2|28.0100|56.0200
D|532021209|10269023|2|28.0100|56.0200
D|532021209|10269032|2|28.0100|56.0200
D|532021209|10269033|1|28.0100|28.0100
D|532021209|10272013|1|27.7500|27.7500
D|532021209|10272014|2|27.7500|55.5000
D|532021209|10272015|2|27.7500|55.5000
D|532021209|10272016|2|27.7500|55.5000
D|532021209|10272033|1|27.7500|27.7500
D|532021209|10272034|2|27.7500|55.5000
D|532021209|10272035|2|27.7500|55.5000
D|532021209|10272036|2|27.7500|55.5000
D|532021209|10272043|1|27.7500|27.7500
D|532021209|10272044|2|27.7500|55.5000
D|532021209|10272045|2|27.7500|55.5000
D|532021209|10272046|2|27.7500|55.5000
D|532021209|10273012|4|7.5600|30.2400
D|532021209|10273013|3|7.5600|22.6800
D|532021209|10273031|2|7.5600|15.1200
D|532021209|10273033|3|7.5600|22.6800
D|532021209|10273041|2|7.5600|15.1200
D|532021209|10273043|4|7.5600|30.2400
D|532021209|10273431|3|7.5600|22.6800
D|532021209|10273432|2|7.5600|15.1200
D|532021209|10273433|2|7.5600|15.1200
D|532021209|10273551|1|7.5600|7.5600
D|532021209|10273552|1|7.5600|7.5600
D|532021209|10273553|1|7.5600|7.5600
D|532021210|10010011|4|5.3200|21.2800
D|532021210|10010012|6|5.3200|31.9200
D|532021210|10010013|5|5.3200|26.6000
D|532021210|10010031|4|5.3200|21.2800
D|532021210|10010032|5|5.3200|26.6000
D|532021210|10010033|4|5.3200|21.2800
D|532021210|10010041|3|5.3200|15.9600
D|532021210|10010042|4|5.3200|21.2800
D|532021210|10010043|4|5.3200|21.2800
D|532021210|10010261|2|5.3200|10.6400
D|532021210|10010262|2|5.3200|10.6400
D|532021210|10010263|2|5.3200|10.6400
D|532021210|10010291|3|5.3200|15.9600
D|532021210|10010292|4|5.3200|21.2800
D|532021210|10010293|3|5.3200|15.9600
D|532021210|10010621|3|5.3200|15.9600
D|532021210|10010622|4|5.3200|21.2800
D|532021210|10010623|4|5.3200|21.2800
D|532021210|10026011|4|5.1300|20.5200
D|532021210|10026012|6|5.1300|30.7800
D|532021210|10026013|4|5.1300|20.5200
D|532021210|10026022|2|5.1300|10.2600
D|532021210|10026023|2|5.1300|10.2600
D|532021210|10026031|2|5.1300|10.2600
D|532021210|10026032|3|5.1300|15.3900
D|532021210|10026033|3|5.1300|15.3900
D|532021210|10026103|2|5.1300|10.2600
D|532021210|10026221|1|5.1300|5.1300
D|532021210|10026222|2|5.1300|10.2600
D|532021210|10026223|2|5.1300|10.2600
D|532021210|10029012|5|7.3400|36.7000
D|532021210|10029013|1|7.3400|7.3400
D|532021210|10029022|4|7.3400|29.3600
D|532021210|10029032|4|7.3400|29.3600
D|532021210|10029033|1|7.3400|7.3400
D|532021210|10029092|3|7.3400|22.0200
D|532021210|10040011|1|6.4400|6.4400
D|532021210|10040012|3|6.4400|19.3200
D|532021210|10040013|1|6.4400|6.4400
D|532021210|10040031|2|6.4400|12.8800
D|532021210|10040032|3|6.4400|19.3200
D|532021210|10040033|2|6.4400|12.8800
D|532021210|10040072|1|6.4400|6.4400
D|532021210|10040073|1|6.4400|6.4400
D|532021210|10040101|2|6.4400|12.8800
D|532021210|10040102|3|6.4400|19.3200
D|532021210|10040103|3|6.4400|19.3200
D|532021210|10040221|1|6.4400|6.4400
D|532021210|10040222|2|6.4400|12.8800
D|532021210|10040223|2|6.4400|12.8800
D|532021210|10040261|1|6.4400|6.4400
D|532021210|10040262|2|6.4400|12.8800
D|532021210|10040263|1|6.4400|6.4400
D|532021210|10040802|1|6.4400|6.4400
D|532021210|10040803|1|6.4400|6.4400
D|532021210|10041011|4|6.2300|24.9200
D|532021210|10041012|5|6.2300|31.1500
D|532021210|10041013|5|6.2300|31.1500
D|532021210|10041021|3|6.2300|18.6900
D|532021210|10041022|4|6.2300|24.9200
D|532021210|10041023|4|6.2300|24.9200
D|532021210|10041031|3|6.2300|18.6900
D|532021210|10041032|5|6.2300|31.1500
D|532021210|10041033|3|6.2300|18.6900
D|532021210|10041091|3|6.2300|18.6900
D|532021210|10041092|3|6.2300|18.6900
D|532021210|10041093|3|6.2300|18.6900
D|532021210|10041101|2|6.2300|12.4600
D|532021210|10041102|3|6.2300|18.6900
D|532021210|10041103|2|6.2300|12.4600
D|532021210|10041801|2|6.2300|12.4600
D|532021210|10041802|3|6.2300|18.6900
D|532021210|10041803|2|6.2300|12.4600
D|532021210|10051011|3|5.6900|17.0700
D|532021210|10051012|4|5.6900|22.7600
D|532021210|10051013|3|5.6900|17.0700
D|532021210|10051031|3|5.6900|17.0700
D|532021210|10051032|4|5.6900|22.7600
D|532021210|10051033|4|5.6900|22.7600
D|532021210|10051061|1|5.6900|5.6900
D|532021210|10051062|1|5.6900|5.6900
D|532021210|10051063|1|5.6900|5.6900
D|532021210|10051221|1|5.6900|5.6900
D|532021210|10051222|1|5.6900|5.6900
D|532021210|10051223|1|5.6900|5.6900
D|532021210|10051431|3|5.6900|17.0700
D|532021210|10051432|3|5.6900|17.0700
D|532021210|10051433|3|5.6900|17.0700
D|532021210|10051561|2|5.6900|11.3800
D|532021210|10051562|2|5.6900|11.3800
D|532021210|10051563|2|5.6900|11.3800
D|532021210|10051641|1|5.6900|5.6900
D|532021210|10051642|1|5.6900|5.6900
D|532021210|10051643|1|5.6900|5.6900
D|532021210|10051661|2|5.6900|11.3800
D|532021210|10051662|2|5.6900|11.3800
D|532021210|10051663|2|5.6900|11.3800
D|532021210|10060012|3|8.5500|25.6500
D|532021210|10060013|3|8.5500|25.6500
D|532021210|10060022|4|8.5500|34.2000
D|532021210|10060023|3|8.5500|25.6500
D|532021210|10060032|5|8.5500|42.7500
D|532021210|10060033|3|8.5500|25.6500
D|532021210|10060292|5|8.5500|42.7500
D|532021210|10060293|4|8.5500|34.2000
D|532021210|10069012|1|7.6300|7.6300
D|532021210|10069013|1|7.6300|7.6300
D|532021210|10069031|2|7.6300|15.2600
D|532021210|10069032|3|7.6300|22.8900
D|532021210|10069033|2|7.6300|15.2600
D|532021210|10069211|2|7.6300|15.2600
D|532021210|10069212|2|7.6300|15.2600
D|532021210|10069213|2|7.6300|15.2600
D|532021210|10069222|1|7.6300|7.6300
D|532021210|10069223|1|7.6300|7.6300
D|532021210|10069262|2|7.6300|15.2600
D|532021210|10069263|1|7.6300|7.6300
D|532021210|10071033|1|41.0100|41.0100
D|532021210|10071035|2|41.0100|82.0200
D|532021210|10071036|1|41.0100|41.0100
D|532021210|10071104|2|41.0100|82.0200
D|532021210|10071433|1|41.0100|41.0100
D|532021210|10071434|1|41.0100|41.0100
D|532021210|10071803|1|41.0100|41.0100
D|532021210|10071804|1|41.0100|41.0100
D|532021210|10073016|2|19.8300|39.6600
D|532021210|10073017|2|19.8300|39.6600
D|532021210|10073036|2|19.8300|39.6600
D|532021210|10073037|2|19.8300|39.6600
D|532021210|10073056|1|19.8300|19.8300
D|532021210|10073057|1|19.8300|19.8300
D|532021210|10073066|1|19.8300|19.8300
D|532021210|10073067|1|19.8300|19.8300
D|532021210|10112015|2|38.1400|76.2800
D|532021210|10112034|1|38.1400|38.1400
D|532021210|10112036|2|38.1400|76.2800
D|532021210|10112624|2|38.1400|76.2800
D|532021210|10112625|2|38.1400|76.2800
D|532021210|10112626|2|38.1400|76.2800
D|532021210|10112627|1|38.1400|38.1400
D|532021210|10112804|1|38.1400|38.1400
D|532021210|10112805|1|38.1400|38.1400
D|532021210|10112806|1|38.1400|38.1400
D|532021210|10112807|1|38.1400|38.1400
D|532021210|10140011|3|5.8300|17.4900
D|532021210|10140012|3|5.8300|17.4900
D|532021210|10140013|3|5.8300|17.4900
D|532021210|10140031|3|5.8300|17.4900
D|532021210|10140032|4|5.8300|23.3200
D|532021210|10140033|3|5.8300|17.4900
D|532021210|10140101|2|5.8300|11.6600
D|532021210|10140102|2|5.8300|11.6600
D|532021210|10140103|2|5.8300|11.6600
D|532021210|10140551|2|5.8300|11.6600
D|532021210|10140552|2|5.8300|11.6600
D|532021210|10140553|2|5.8300|11.6600
D|532021210|10140621|3|5.8300|17.4900
D|532021210|10140622|3|5.8300|17.4900
D|532021210|10140623|2|5.8300|11.6600
D|532021210|10140801|2|5.8300|11.6600
D|532021210|10140802|2|5.8300|11.6600
D|532021210|10140803|2|5.8300|11.6600
D|532021210|10152033|2|39.4900|78.9800
D|532021210|10152034|2|39.4900|78.9800
D|532021210|10152035|1|39.4900|39.4900
D|532021210|10152624|1|39.4900|39.4900
D|532021210|10152625|2|39.4900|78.9800
D|532021210|10156011|1|7.6500|7.6500
D|532021210|10156012|2|7.6500|15.3000
D|532021210|10156013|3|7.6500|22.9500
D|532021210|10156031|2|7.6500|15.3000
D|532021210|10156032|4|7.6500|30.6000
D|532021210|10156033|4|7.6500|30.6000
D|532021210|10156431|2|7.6500|15.3000
D|532021210|10156432|4|7.6500|30.6000
D|532021210|10156433|3|7.6500|22.9500
D|532021210|10156801|2|7.6500|15.3000
D|532021210|10156802|3|7.6500|22.9500
D|532021210|10156803|4|7.6500|30.6000
D|532021210|10165015|1|46.6100|46.6100
D|532021210|10165016|1|46.6100|46.6100
D|532021210|10165036|1|46.6100|46.6100
D|532021210|10185011|2|6.9400|13.8800
D|532021210|10185012|2|6.9400|13.8800
D|532021210|10185013|1|6.9400|6.9400
D|532021210|10185041|3|6.9400|20.8200
D|532021210|10185042|3|6.9400|20.8200
D|532021210|10185043|2|6.9400|13.8800
D|532021210|10185091|2|6.9400|13.8800
D|532021210|10185092|3|6.9400|20.8200
D|532021210|10185093|2|6.9400|13.8800
D|532021210|10185121|1|6.9400|6.9400
D|532021210|10185122|2|6.9400|13.8800
D|532021210|10185123|1|6.9400|6.9400
D|532021210|10186043|1|32.0200|32.0200
D|532021210|10186044|3|32.0200|96.0600
D|532021210|10186045|1|32.0200|32.0200
D|532021210|10186046|1|32.0200|32.0200
D|532021210|10186093|1|32.0200|32.0200
D|532021210|10186094|2|32.0200|64.0400
D|532021210|10186095|2|32.0200|64.0400
D|532021210|10186096|1|32.0200|32.0200
D|532021210|10186126|1|32.0200|32.0200
D|532021210|10197021|3|21.1700|63.5100
D|532021210|10197022|3|21.1700|63.5100
D|532021210|10197023|2|21.1700|42.3400
D|532021210|10197024|2|21.1700|42.3400
D|532021210|10197031|3|21.1700|63.5100
D|532021210|10197032|3|21.1700|63.5100
D|532021210|10197033|3|21.1700|63.5100
D|532021210|10197034|2|21.1700|42.3400
D|532021210|10200011|4|7.2100|28.8400
D|532021210|10200012|4|7.2100|28.8400
D|532021210|10200013|3|7.2100|21.6300
D|532021210|10200031|4|7.2100|28.8400
D|532021210|10200032|4|7.2100|28.8400
D|532021210|10200033|3|7.2100|21.6300
D|532021210|10200051|2|7.2100|14.4200
D|532021210|10200052|2|7.2100|14.4200
D|532021210|10200053|1|7.2100|7.2100
D|532021210|10200091|3|7.2100|21.6300
D|532021210|10200092|3|7.2100|21.6300
D|532021210|10200093|3|7.2100|21.6300
D|532021210|10200181|2|7.2100|14.4200
D|532021210|10200182|3|7.2100|21.6300
D|532021210|10200183|1|7.2100|7.2100
D|532021210|10200431|3|7.2100|21.6300
D|532021210|10200432|4|7.2100|28.8400
D|532021210|10200433|3|7.2100|21.6300
D|532021210|10201041|2|6.8500|13.7000
D|532021210|10201042|3|6.8500|20.5500
D|532021210|10201043|3|6.8500|20.5500
D|532021210|10201091|2|6.8500|13.7000
D|532021210|10201092|2|6.8500|13.7000
D|532021210|10201093|2|6.8500|13.7000
D|532021210|10201121|1|6.8500|6.8500
D|532021210|10201122|1|6.8500|6.8500
D|532021210|10201123|1|6.8500|6.8500
D|532021210|10206022|2|50.5500|101.1000
D|532021210|10206023|2|50.5500|101.1000
D|532021210|10206024|1|50.5500|50.5500
D|532021210|10206031|1|50.5500|50.5500
D|532021210|10206032|3|50.5500|151.6500
D|532021210|10206033|3|50.5500|151.6500
D|532021210|10218015|2|30.9500|61.9000
D|532021210|10218033|2|30.9500|61.9000
D|532021210|10218034|2|30.9500|61.9000
D|532021210|10218035|3|30.9500|92.8500
D|532021210|10218036|2|30.9500|61.9000
D|532021210|10218213|1|30.9500|30.9500
D|532021210|10218214|2|30.9500|61.9000
D|532021210|10218216|2|30.9500|61.9000
D|532021210|10218553|1|30.9500|30.9500
D|532021210|10218554|2|30.9500|61.9000
D|532021210|10218555|2|30.9500|61.9000
D|532021210|10218556|1|30.9500|30.9500
D|532021210|10219011|2|6.7500|13.5000
D|532021210|10219012|2|6.7500|13.5000
D|532021210|10219013|1|6.7500|6.7500
D|532021210|10219031|3|6.7500|20.2500
D|532021210|10219032|3|6.7500|20.2500
D|532021210|10219033|2|6.7500|13.5000
D|532021210|10219211|3|6.7500|20.2500
D|532021210|10219212|3|6.7500|20.2500
D|532021210|10219213|2|6.7500|13.5000
D|532021210|10219551|3|6.7500|20.2500
D|532021210|10219552|3|6.7500|20.2500
D|532021210|10219553|3|6.7500|20.2500
D|532021210|10222014|1|28.8200|28.8200
D|532021210|10222015|1|28.8200|28.8200
D|532021210|10222034|2|28.8200|57.6400
D|532021210|10222036|2|28.8200|57.6400
D|532021210|10222436|1|28.8200|28.8200
D|532021210|10222553|1|28.8200|28.8200
D|532021210|10222554|1|28.8200|28.8200
D|532021210|10222555|2|28.8200|57.6400
D|532021210|10223012|2|6.9400|13.8800
D|532021210|10223031|2|6.9400|13.8800
D|532021210|10223032|4|6.9400|27.7600
D|532021210|10223432|3|6.9400|20.8200
D|532021210|10223551|2|6.9400|13.8800
D|532021210|10223552|3|6.9400|20.8200
D|532021210|10224214|2|25.6200|51.2400
D|532021210|10224215|2|25.6200|51.2400
D|532021210|10224216|2|25.6200|51.2400
D|532021210|10224234|2|25.6200|51.2400
D|532021210|10224235|2|25.6200|51.2400
D|532021210|10224236|1|25.6200|25.6200
D|532021210|10224333|1|25.6200|25.6200
D|532021210|10224334|2|25.6200|51.2400
D|532021210|10224335|2|25.6200|51.2400
D|532021210|10224336|1|25.6200|25.6200
D|532021210|10225211|6|7.0300|42.1800
D|532021210|10225212|6|7.0300|42.1800
D|532021210|10225213|4|7.0300|28.1200
D|532021210|10225231|3|7.0300|21.0900
D|532021210|10225232|3|7.0300|21.0900
D|532021210|10225233|3|7.0300|21.0900
D|532021210|10225261|1|7.0300|7.0300
D|532021210|10225262|1|7.0300|7.0300
D|532021210|10225263|1|7.0300|7.0300
D|532021210|10225331|2|7.0300|14.0600
D|532021210|10225332|3|7.0300|21.0900
D|532021210|10225333|2|7.0300|14.0600
D|532021210|10229032|3|18.2900|54.8700
D|532021210|10229033|2|18.2900|36.5800
D|532021210|10229034|1|18.2900|18.2900
D|532021210|10229621|2|18.2900|36.5800
D|532021210|10229622|3|18.2900|54.8700
D|532021210|10229623|2|18.2900|36.5800
D|532021210|10229624|1|18.2900|18.2900
D|532021210|10230031|3|16.6000|49.8000
D|532021210|10230032|3|16.6000|49.8000
D|532021210|10230033|2|16.6000|33.2000
D|532021210|10230621|3|16.6000|49.8000
D|532021210|10230622|3|16.6000|49.8000
D|532021210|10230623|2|16.6000|33.2000
D|532021210|10231012|2|14.9400|29.8800
D|532021210|10231031|2|14.9400|29.8800
D|532021210|10231032|2|14.9400|29.8800
D|532021210|10231033|3|14.9400|44.8200
D|532021210|10231034|1|14.9400|14.9400
D|532021210|10231622|2|14.9400|29.8800
D|532021210|10231623|1|14.9400|14.9400
D|532021210|10231624|2|14.9400|29.8800
D|532021210|10253011|2|7.3800|14.7600
D|532021210|10253012|3|7.3800|22.1400
D|532021210|10253013|2|7.3800|14.7600
D|532021210|10253032|4|7.3800|29.5200
D|532021210|10253033|3|7.3800|22.1400
D|532021210|10253051|1|7.3800|7.3800
D|532021210|10253052|2|7.3800|14.7600
D|532021210|10253053|2|7.3800|14.7600
D|532021210|10253091|2|7.3800|14.7600
D|532021210|10253092|3|7.3800|22.1400
D|532021210|10253093|3|7.3800|22.1400
D|532021210|10253622|3|7.3800|22.1400
D|532021210|10253623|2|7.3800|14.7600
D|532021210|10260013|1|10.6700|10.6700
D|532021210|10260014|1|10.6700|10.6700
D|532021210|10260603|1|10.6700|10.6700
D|532021210|10260604|2|10.6700|21.3400
D|532021210|10260623|2|10.6700|21.3400
D|532021210|10260624|3|10.6700|32.0100
D|532021210|10261014|2|22.4200|44.8400
D|532021210|10261015|2|22.4200|44.8400
D|532021210|10261016|1|22.4200|22.4200
D|532021210|10261017|1|22.4200|22.4200
D|532021210|10261624|3|22.4200|67.2600
D|532021210|10261625|2|22.4200|44.8400
D|532021210|10261626|1|22.4200|22.4200
D|532021210|10261627|1|22.4200|22.4200
D|532021210|10264011|2|6.9400|13.8800
D|532021210|10264012|2|6.9400|13.8800
D|532021210|10264013|2|6.9400|13.8800
D|532021210|10264031|2|6.9400|13.8800
D|532021210|10264032|3|6.9400|20.8200
D|532021210|10264033|3|6.9400|20.8200
D|532021210|10264621|2|6.9400|13.8800
D|532021210|10264622|3|6.9400|20.8200
D|532021210|10264623|3|6.9400|20.8200
D|532021210|10268013|5|7.7300|38.6500
D|532021210|10268014|5|7.7300|38.6500
D|532021210|10268015|5|7.7300|38.6500
D|532021210|10268093|4|7.7300|30.9200
D|532021210|10268094|4|7.7300|30.9200
D|532021210|10268095|4|7.7300|30.9200
D|532021210|10268183|3|7.7300|23.1900
D|532021210|10268184|3|7.7300|23.1900
D|532021210|10268185|3|7.7300|23.1900
D|532021210|10269021|2|28.0100|56.0200
D|532021210|10269022|3|28.0100|84.0300
D|532021210|10269023|2|28.0100|56.0200
D|532021210|10269031|2|28.0100|56.0200
D|532021210|10269032|3|28.0100|84.0300
D|532021210|10269033|2|28.0100|56.0200
D|532021210|10273012|5|7.5600|37.8000
D|532021210|10273031|2|7.5600|15.1200
D|532021210|10273032|6|7.5600|45.3600
D|532021210|10273033|3|7.5600|22.6800
D|532021210|10273041|2|7.5600|15.1200
D|532021210|10273042|6|7.5600|45.3600
D|532021210|10273043|3|7.5600|22.6800
D|532021210|10273432|5|7.5600|37.8000
D|532021210|10273433|3|7.5600|22.6800
D|532021210|10273551|2|7.5600|15.1200
D|532021210|10273552|4|7.5600|30.2400
D|532021210|10273553|2|7.5600|15.1200
D|532021210|10284622|1|45.0800|45.0800
D|532021210|10284624|1|45.0800|45.0800
D|532021210|10287012|4|10.8500|43.4000
D|532021210|10287013|4|10.8500|43.4000
D|532021210|10287014|3|10.8500|32.5500
D|532021210|10287032|3|10.8500|32.5500
D|532021210|10287033|3|10.8500|32.5500
D|532021210|10287034|2|10.8500|21.7000
D|532021210|10287092|3|10.8500|32.5500
D|532021210|10287093|3|10.8500|32.5500
D|532021210|10287094|2|10.8500|21.7000
D|532021210|10288011|3|8.0100|24.0300
D|532021210|10288012|3|8.0100|24.0300
D|532021210|10288013|3|8.0100|24.0300
D|532021210|10288031|3|8.0100|24.0300
D|532021210|10288032|3|8.0100|24.0300
D|532021210|10288033|3|8.0100|24.0300
D|532021210|10288431|2|8.0100|16.0200
D|532021210|10288432|3|8.0100|24.0300
D|532021210|10288433|2|8.0100|16.0200
D|532021210|10288551|2|8.0100|16.0200
D|532021210|10288552|2|8.0100|16.0200
D|532021210|10288553|2|8.0100|16.0200
D|532021210|10288801|2|8.0100|16.0200
D|532021210|10288802|2|8.0100|16.0200
D|532021210|10288803|2|8.0100|16.0200
D|532021210|10291012|2|11.7400|23.4800
D|532021210|10291032|3|11.7400|35.2200
D|532021210|10291033|2|11.7400|23.4800
D|532021210|10291802|2|11.7400|23.4800
D|532021210|10293031|1|8.2700|8.2700
D|532021210|10293032|2|8.2700|16.5400
D|532021210|10293033|2|8.2700|16.5400
D|532021210|10293551|1|8.2700|8.2700
D|532021210|10293552|2|8.2700|16.5400
D|532021210|10293553|1|8.2700|8.2700
D|532021210|10293811|1|8.2700|8.2700
D|532021210|10293812|2|8.2700|16.5400
D|532021210|10293813|1|8.2700|8.2700
D|532021210|10294016|1|41.6200|41.6200
D|532021210|10294036|2|41.6200|83.2400
D|532021210|10294554|1|41.6200|41.6200
D|532021210|10294555|3|41.6200|124.8600
D|532021210|10294814|2|41.6200|83.2400
D|532021210|10294815|2|41.6200|83.2400
D|532021210|10295011|2|6.4900|12.9800
D|532021210|10295012|2|6.4900|12.9800
D|532021210|10295013|2|6.4900|12.9800
D|532021210|10295031|3|6.4900|19.4700
D|532021210|10295032|3|6.4900|19.4700
D|532021210|10295033|3|6.4900|19.4700
D|532021210|10295101|2|6.4900|12.9800
D|532021210|10295102|3|6.4900|19.4700
D|532021210|10295103|2|6.4900|12.9800
D|532021210|10295801|3|6.4900|19.4700
D|532021210|10295802|3|6.4900|19.4700
D|532021210|10295803|3|6.4900|19.4700
D|532021210|10296031|2|8.2700|16.5400
D|532021210|10296032|3|8.2700|24.8100
D|532021210|10296033|3|8.2700|24.8100
D|532021210|10296441|2|8.2700|16.5400
D|532021210|10296442|2|8.2700|16.5400
D|532021210|10296443|2|8.2700|16.5400
D|532021210|10296551|2|8.2700|16.5400
D|532021210|10296552|2|8.2700|16.5400
D|532021210|10296553|2|8.2700|16.5400
D|532021210|10296801|2|8.2700|16.5400
D|532021210|10296802|3|8.2700|24.8100
D|532021210|10296803|2|8.2700|16.5400
D|532021210|10297033|1|27.7500|27.7500
D|532021210|10297034|2|27.7500|55.5000
D|532021210|10297035|2|27.7500|55.5000
D|532021210|10297443|1|27.7500|27.7500
D|532021210|10297444|2|27.7500|55.5000
D|532021210|10297445|2|27.7500|55.5000
D|532021210|10297553|1|27.7500|27.7500
D|532021210|10297554|2|27.7500|55.5000
D|532021210|10297555|2|27.7500|55.5000
D|532021210|10297803|1|27.7500|27.7500
D|532021210|10297804|2|27.7500|55.5000
D|532021210|10297805|2|27.7500|55.5000
D|532021210|10298011|1|7.9200|7.9200
D|532021210|10298012|1|7.9200|7.9200
D|532021210|10298013|2|7.9200|15.8400
D|532021210|10298031|2|7.9200|15.8400
D|532021210|10298032|3|7.9200|23.7600
D|532021210|10298033|2|7.9200|15.8400
D|532021210|10298551|3|7.9200|23.7600
D|532021210|10298552|3|7.9200|23.7600
D|532021210|10298553|3|7.9200|23.7600
D|532021210|10298811|3|7.9200|23.7600
D|532021210|10298812|3|7.9200|23.7600
D|532021210|10298813|3|7.9200|23.7600
D|532021210|10299014|1|39.4900|39.4900
D|532021210|10299015|1|39.4900|39.4900
D|532021210|10299034|2|39.4900|78.9800
D|532021210|10299035|3|39.4900|118.4700
D|532021210|10299036|1|39.4900|39.4900
D|532021210|10299554|2|39.4900|78.9800
D|532021210|10299555|3|39.4900|118.4700
D|532021210|10299813|1|39.4900|39.4900
D|532021210|10299814|1|39.4900|39.4900
D|532021210|10300011|1|12.0100|12.0100
D|532021210|10300012|1|12.0100|12.0100
D|532021210|10300013|1|12.0100|12.0100
D|532021210|10300031|2|12.0100|24.0200
D|532021210|10300032|2|12.0100|24.0200
D|532021210|10300033|1|12.0100|12.0100
D|532021210|10300801|2|12.0100|24.0200
D|532021210|10300802|2|12.0100|24.0200
D|532021210|10300803|1|12.0100|12.0100
D|532021210|10303013|1|29.3100|29.3100
D|532021210|10303014|2|29.3100|58.6200
D|532021210|10303015|2|29.3100|58.6200
D|532021210|10303093|1|29.3100|29.3100
D|532021210|10303094|1|29.3100|29.3100
D|532021210|10303095|1|29.3100|29.3100
D|532021210|10303623|1|29.3100|29.3100
D|532021210|10303624|2|29.3100|58.6200
D|532021210|10303625|2|29.3100|58.6200
D|532021210|10304011|2|8.9700|17.9400
D|532021210|10304012|3|8.9700|26.9100
D|532021210|10304013|3|8.9700|26.9100
D|532021210|10304091|2|8.9700|17.9400
D|532021210|10304092|2|8.9700|17.9400
D|532021210|10304093|2|8.9700|17.9400
D|532021210|10304621|2|8.9700|17.9400
D|532021210|10304622|3|8.9700|26.9100
D|532021210|10304623|3|8.9700|26.9100
D|532021210|10315011|2|10.3800|20.7600
D|532021210|10315012|2|10.3800|20.7600
D|532021210|10315013|2|10.3800|20.7600
D|532021210|10315031|3|10.3800|31.1400
D|532021210|10315032|3|10.3800|31.1400
D|532021210|10315033|3|10.3800|31.1400
D|532021210|10315431|2|10.3800|20.7600
D|532021210|10315432|2|10.3800|20.7600
D|532021210|10315433|2|10.3800|20.7600
D|532021210|10315621|2|10.3800|20.7600
D|532021210|10315622|3|10.3800|31.1400
D|532021210|10315623|2|10.3800|20.7600
D|532021210|10315801|3|10.3800|31.1400
D|532021210|10315802|3|10.3800|31.1400
D|532021210|10315803|3|10.3800|31.1400
D|532021210|10316012|3|7.5500|22.6500
D|532021210|10316013|3|7.5500|22.6500
D|532021210|10316014|3|7.5500|22.6500
D|532021210|10316015|2|7.5500|15.1000
D|532021210|10316042|2|7.5500|15.1000
D|532021210|10316043|2|7.5500|15.1000
D|532021210|10316044|2|7.5500|15.1000
D|532021210|10316045|2|7.5500|15.1000
D|532021210|10316552|2|7.5500|15.1000
D|532021210|10316553|3|7.5500|22.6500
D|532021210|10316554|2|7.5500|15.1000
D|532021210|10316555|2|7.5500|15.1000
D|532021210|10317013|3|8.5500|25.6500
D|532021210|10317014|4|8.5500|34.2000
D|532021210|10317015|4|8.5500|34.2000
D|532021210|10317043|2|8.5500|17.1000
D|532021210|10317044|2|8.5500|17.1000
D|532021210|10317045|2|8.5500|17.1000
D|532021210|10317553|3|8.5500|25.6500
D|532021210|10317554|3|8.5500|25.6500
D|532021210|10317555|3|8.5500|25.6500
D|532021210|10321011|2|8.1200|16.2400
D|532021210|10321012|2|8.1200|16.2400
D|532021210|10321013|2|8.1200|16.2400
D|532021210|10321031|3|8.1200|24.3600
D|532021210|10321032|3|8.1200|24.3600
D|532021210|10321033|2|8.1200|16.2400
D|532021210|10321801|3|8.1200|24.3600
D|532021210|10321802|3|8.1200|24.3600
D|532021210|10321803|2|8.1200|16.2400
D|532021210|10324013|1|16.4500|16.4500
D|532021210|10324014|1|16.4500|16.4500
D|532021210|10324015|1|16.4500|16.4500
D|532021210|10324016|1|16.4500|16.4500
D|532021210|10324033|1|16.4500|16.4500
D|532021210|10324034|2|16.4500|32.9000
D|532021210|10324035|2|16.4500|32.9000
D|532021210|10324036|2|16.4500|32.9000
D|532021210|10324433|1|16.4500|16.4500
D|532021210|10324434|1|16.4500|16.4500
D|532021210|10324435|2|16.4500|32.9000
D|532021210|10324436|2|16.4500|32.9000
D|532021210|10324623|1|16.4500|16.4500
D|532021210|10324624|1|16.4500|16.4500
D|532021210|10324625|1|16.4500|16.4500
D|532021210|10324626|1|16.4500|16.4500
D|532021210|10324803|1|16.4500|16.4500
D|532021210|10324804|2|16.4500|32.9000
D|532021210|10324805|2|16.4500|32.9000
D|532021210|10324806|2|16.4500|32.9000
D|532021210|10325013|2|20.7900|41.5800
D|532021210|10325014|2|20.7900|41.5800
D|532021210|10325033|2|20.7900|41.5800
D|532021210|10325034|2|20.7900|41.5800
D|532021210|10325623|2|20.7900|41.5800
D|532021210|10325624|2|20.7900|41.5800
D|532021212|10026011|3|5.1300|15.3900
D|532021212|10253011|1|7.3800|7.3800
D|532021212|10253031|1|7.3800|7.3800
D|532021212|10253091|1|7.3800|7.3800
D|532021212|10273011|1|7.5600|7.5600
D|532021212|10273012|1|7.5600|7.5600
D|532021212|10273041|1|7.5600|7.5600
D|532021212|10273042|1|7.5600|7.5600
D|532021212|10273431|1|7.5600|7.5600
D|532021212|10273432|1|7.5600|7.5600
D|532021212|10297803|1|27.7500|27.7500
D|532021212|10303013|1|29.3100|29.3100
D|532021212|10306031|1|8.0100|8.0100
D|532021212|10307033|1|29.8900|29.8900
D|532021213|10010012|1|5.3200|5.3200
D|532021213|10010042|1|5.3200|5.3200
D|532021213|10010262|2|5.3200|10.6400
D|532021213|10010292|1|5.3200|5.3200
D|532021213|10012011|1|6.3400|6.3400
D|532021213|10012102|1|6.3400|6.3400
D|532021213|10026012|3|5.1300|15.3900
D|532021213|10026022|2|5.1300|10.2600
D|532021213|10026031|2|5.1300|10.2600
D|532021213|10026032|2|5.1300|10.2600
D|532021213|10026072|2|5.1300|10.2600
D|532021213|10026222|2|5.1300|10.2600
D|532021213|10026262|1|5.1300|5.1300
D|532021213|10040013|1|6.4400|6.4400
D|532021213|10040031|1|6.4400|6.4400
D|532021213|10040032|1|6.4400|6.4400
D|532021213|10040101|2|6.4400|12.8800
D|532021213|10040261|1|6.4400|6.4400
D|532021213|10040262|1|6.4400|6.4400
D|532021213|10040801|1|6.4400|6.4400
D|532021213|10041022|1|6.2300|6.2300
D|532021213|10041032|2|6.2300|12.4600
D|532021213|10041033|1|6.2300|6.2300
D|532021213|10041093|2|6.2300|12.4600
D|532021213|10041803|2|6.2300|12.4600
D|532021213|10044036|1|21.3500|21.3500
D|532021213|10045032|1|8.2400|8.2400
D|532021213|10045033|2|8.2400|16.4800
D|532021213|10057011|2|6.0300|12.0600
D|532021213|10057031|1|6.0300|6.0300
D|532021213|10057032|1|6.0300|6.0300
D|532021213|10057051|1|6.0300|6.0300
D|532021213|10057221|1|6.0300|6.0300
D|532021213|10057222|1|6.0300|6.0300
D|532021213|10057261|2|6.0300|12.0600
D|532021213|10057262|1|6.0300|6.0300
D|532021213|10060011|1|8.5500|8.5500
D|532021213|10060031|1|8.5500|8.5500
D|532021213|10060032|1|8.5500|8.5500
D|532021213|10060291|1|8.5500|8.5500
D|532021213|10061012|1|6.2300|6.2300
D|532021213|10061032|1|6.2300|6.2300
D|532021213|10061051|1|6.2300|6.2300
D|532021213|10061052|2|6.2300|12.4600
D|532021213|10064032|1|6.2300|6.2300
D|532021213|10067013|1|7.5400|7.5400
D|532021213|10067021|1|7.5400|7.5400
D|532021213|10067022|1|7.5400|7.5400
D|532021213|10067031|2|7.5400|15.0800
D|532021213|10067091|1|7.5400|7.5400
D|532021213|10069012|1|7.6300|7.6300
D|532021213|10069031|3|7.6300|22.8900
D|532021213|10069032|3|7.6300|22.8900
D|532021213|10069222|1|7.6300|7.6300
D|532021213|10069261|1|7.6300|7.6300
D|532021213|10069262|3|7.6300|22.8900
D|532021213|10071015|1|41.0100|41.0100
D|532021213|10071433|1|41.0100|41.0100
D|532021213|10071434|1|41.0100|41.0100
D|532021213|10071435|1|41.0100|41.0100
D|532021213|10071436|1|41.0100|41.0100
D|532021213|10071803|1|41.0100|41.0100
D|532021213|10071804|1|41.0100|41.0100
D|532021213|10071805|1|41.0100|41.0100
D|532021213|10071806|1|41.0100|41.0100
D|532021213|10089012|1|10.8600|10.8600
D|532021213|10089022|3|10.8600|32.5800
D|532021213|10089023|1|10.8600|10.8600
D|532021213|10089024|1|10.8600|10.8600
D|532021213|10089032|1|10.8600|10.8600
D|532021213|10089033|1|10.8600|10.8600
D|532021213|10112034|1|38.1400|38.1400
D|532021213|10112035|1|38.1400|38.1400
D|532021213|10112036|1|38.1400|38.1400
D|532021213|10112037|1|38.1400|38.1400
D|532021213|10112624|1|38.1400|38.1400
D|532021213|10112625|1|38.1400|38.1400
D|532021213|10112626|1|38.1400|38.1400
D|532021213|10112627|1|38.1400|38.1400
D|532021213|10112804|1|38.1400|38.1400
D|532021213|10112805|1|38.1400|38.1400
D|532021213|10112806|1|38.1400|38.1400
D|532021213|10112807|1|38.1400|38.1400
D|532021213|10116036|1|20.4700|20.4700
D|532021213|10152034|1|39.4900|39.4900
D|532021213|10152124|1|39.4900|39.4900
D|532021213|10153122|1|10.6700|10.6700
D|532021213|10153622|1|10.6700|10.6700
D|532021213|10156032|1|7.6500|7.6500
D|532021213|10156033|1|7.6500|7.6500
D|532021213|10156433|1|7.6500|7.6500
D|532021213|10165036|1|46.6100|46.6100
D|532021213|10206021|1|50.5500|50.5500
D|532021213|10206022|1|50.5500|50.5500
D|532021213|10206023|1|50.5500|50.5500
D|532021213|10206024|1|50.5500|50.5500
D|532021213|10206031|1|50.5500|50.5500
D|532021213|10206032|1|50.5500|50.5500
D|532021213|10206033|1|50.5500|50.5500
D|532021213|10206034|1|50.5500|50.5500
D|532021213|10217561|1|6.6000|6.6000
D|532021213|10217562|1|6.6000|6.6000
D|532021213|10217641|1|6.6000|6.6000
D|532021213|10217652|1|6.6000|6.6000
D|532021213|10217661|1|6.6000|6.6000
D|532021213|10218013|1|30.9500|30.9500
D|532021213|10218014|1|30.9500|30.9500
D|532021213|10218015|1|30.9500|30.9500
D|532021213|10218016|1|30.9500|30.9500
D|532021213|10218033|1|30.9500|30.9500
D|532021213|10218034|1|30.9500|30.9500
D|532021213|10218035|1|30.9500|30.9500
D|532021213|10218036|1|30.9500|30.9500
D|532021213|10218213|1|30.9500|30.9500
D|532021213|10218214|1|30.9500|30.9500
D|532021213|10218215|1|30.9500|30.9500
D|532021213|10218216|1|30.9500|30.9500
D|532021213|10218553|1|30.9500|30.9500
D|532021213|10218554|1|30.9500|30.9500
D|532021213|10218555|1|30.9500|30.9500
D|532021213|10218556|1|30.9500|30.9500
D|532021213|10219551|2|6.7500|13.5000
D|532021213|10219552|2|6.7500|13.5000
D|532021213|10219553|2|6.7500|13.5000
D|532021213|10222013|1|28.8200|28.8200
D|532021213|10222014|1|28.8200|28.8200
D|532021213|10222015|1|28.8200|28.8200
D|532021213|10222016|1|28.8200|28.8200
D|532021213|10222033|1|28.8200|28.8200
D|532021213|10222034|1|28.8200|28.8200
D|532021213|10222035|1|28.8200|28.8200
D|532021213|10222036|1|28.8200|28.8200
D|532021213|10222433|1|28.8200|28.8200
D|532021213|10222434|1|28.8200|28.8200
D|532021213|10222435|1|28.8200|28.8200
D|532021213|10222436|1|28.8200|28.8200
D|532021213|10222553|1|28.8200|28.8200
D|532021213|10222554|1|28.8200|28.8200
D|532021213|10222555|1|28.8200|28.8200
D|532021213|10222556|1|28.8200|28.8200
D|532021213|10223011|3|6.9400|20.8200
D|532021213|10223012|3|6.9400|20.8200
D|532021213|10223013|2|6.9400|13.8800
D|532021213|10223031|3|6.9400|20.8200
D|532021213|10223032|3|6.9400|20.8200
D|532021213|10223033|2|6.9400|13.8800
D|532021213|10223431|3|6.9400|20.8200
D|532021213|10223432|3|6.9400|20.8200
D|532021213|10223433|2|6.9400|13.8800
D|532021213|10223551|3|6.9400|20.8200
D|532021213|10223552|3|6.9400|20.8200
D|532021213|10223553|2|6.9400|13.8800
D|532021213|10269022|1|28.0100|28.0100
D|532021213|10269031|2|28.0100|56.0200
D|532021213|10269033|2|28.0100|56.0200
D|532021213|10273011|1|7.5600|7.5600
D|532021213|10273031|1|7.5600|7.5600
D|532021213|10273551|2|7.5600|15.1200
D|532021213|10273552|2|7.5600|15.1200
D|532021213|10273553|2|7.5600|15.1200
D|532021213|10290014|2|28.4600|56.9200
D|532021213|10290016|2|28.4600|56.9200
D|532021213|10290033|1|28.4600|28.4600
D|532021213|10290034|2|28.4600|56.9200
D|532021213|10290035|2|28.4600|56.9200
D|532021213|10290036|2|28.4600|56.9200
D|532021213|10290804|2|28.4600|56.9200
D|532021213|10290806|2|28.4600|56.9200
D|532021213|10291011|2|11.7400|23.4800
D|532021213|10291802|1|11.7400|11.7400
D|532021213|10295011|3|6.4900|19.4700
D|532021213|10295012|3|6.4900|19.4700
D|532021213|10295013|3|6.4900|19.4700
D|532021213|10295031|3|6.4900|19.4700
D|532021213|10295032|3|6.4900|19.4700
D|532021213|10295033|3|6.4900|19.4700
D|532021213|10295101|3|6.4900|19.4700
D|532021213|10295102|3|6.4900|19.4700
D|532021213|10295103|3|6.4900|19.4700
D|532021213|10295801|3|6.4900|19.4700
D|532021213|10295802|3|6.4900|19.4700
D|532021213|10295803|3|6.4900|19.4700
D|532021213|10296031|2|8.2700|16.5400
D|532021213|10296032|1|8.2700|8.2700
D|532021213|10296033|1|8.2700|8.2700
D|532021213|10296441|1|8.2700|8.2700
D|532021213|10296443|1|8.2700|8.2700
D|532021213|10296553|1|8.2700|8.2700
D|532021213|10296802|1|8.2700|8.2700
D|532021213|10297033|1|27.7500|27.7500
D|532021213|10297035|2|27.7500|55.5000
D|532021213|10297804|1|27.7500|27.7500
D|532021213|10300032|2|12.0100|24.0200
D|532021213|10300033|2|12.0100|24.0200
D|532021213|10300801|1|12.0100|12.0100
D|532021213|10300802|1|12.0100|12.0100
D|532021213|10300803|2|12.0100|24.0200
D|532021213|10306122|1|8.0100|8.0100
D|532021213|10306601|1|8.0100|8.0100
D|532021213|10307033|1|29.8900|29.8900
D|532021213|10307034|1|29.8900|29.8900
D|532021213|10307035|1|29.8900|29.8900
D|532021213|10307036|1|29.8900|29.8900
D|532021213|10307123|1|29.8900|29.8900
D|532021213|10307124|1|29.8900|29.8900
D|532021213|10307125|1|29.8900|29.8900
D|532021213|10307126|1|29.8900|29.8900
D|532021213|10307603|1|29.8900|29.8900
D|532021213|10307604|1|29.8900|29.8900
D|532021213|10307605|1|29.8900|29.8900
D|532021213|10307606|1|29.8900|29.8900
D|532021213|10307803|1|29.8900|29.8900
D|532021213|10307804|1|29.8900|29.8900
D|532021213|10307805|1|29.8900|29.8900
D|532021213|10307806|1|29.8900|29.8900
D|532021213|10312031|1|62.3500|62.3500
D|532021213|10312032|1|62.3500|62.3500
D|532021213|10312033|1|62.3500|62.3500
D|532021213|10312034|1|62.3500|62.3500
D|532021213|10312621|1|62.3500|62.3500
D|532021213|10312622|1|62.3500|62.3500
D|532021213|10312623|1|62.3500|62.3500
D|532021213|10312624|1|62.3500|62.3500
D|532021213|10314031|3|8.1400|24.4200
D|532021213|10314032|3|8.1400|24.4200
D|532021213|10314033|2|8.1400|16.2800
D|532021213|10314121|3|8.1400|24.4200
D|532021213|10314122|3|8.1400|24.4200
D|532021213|10314123|2|8.1400|16.2800
D|532021213|10314601|3|8.1400|24.4200
D|532021213|10314602|3|8.1400|24.4200
D|532021213|10314603|2|8.1400|16.2800
D|532021213|10314801|3|8.1400|24.4200
D|532021213|10314802|3|8.1400|24.4200
D|532021213|10314803|2|8.1400|16.2800
D|532021213|10315011|3|10.3800|31.1400
D|532021213|10315012|3|10.3800|31.1400
D|532021213|10315013|2|10.3800|20.7600
D|532021213|10315031|3|10.3800|31.1400
D|532021213|10315032|3|10.3800|31.1400
D|532021213|10315033|2|10.3800|20.7600
D|532021213|10315431|3|10.3800|31.1400
D|532021213|10315432|3|10.3800|31.1400
D|532021213|10315433|2|10.3800|20.7600
D|532021213|10315621|3|10.3800|31.1400
D|532021213|10315622|3|10.3800|31.1400
D|532021213|10315623|2|10.3800|20.7600
D|532021213|10315801|3|10.3800|31.1400
D|532021213|10315802|3|10.3800|31.1400
D|532021213|10315803|2|10.3800|20.7600
D|532021213|10324013|1|16.4500|16.4500
D|532021213|10324014|1|16.4500|16.4500
D|532021213|10324015|1|16.4500|16.4500
D|532021213|10324016|1|16.4500|16.4500
D|532021213|10324033|1|16.4500|16.4500
D|532021213|10324034|1|16.4500|16.4500
D|532021213|10324035|1|16.4500|16.4500
D|532021213|10324036|1|16.4500|16.4500
D|532021213|10324433|1|16.4500|16.4500
D|532021213|10324434|1|16.4500|16.4500
D|532021213|10324435|1|16.4500|16.4500
D|532021213|10324436|1|16.4500|16.4500
D|532021213|10324623|1|16.4500|16.4500
D|532021213|10324624|1|16.4500|16.4500
D|532021213|10324625|1|16.4500|16.4500
D|532021213|10324626|1|16.4500|16.4500
D|532021213|10324803|1|16.4500|16.4500
D|532021213|10324804|1|16.4500|16.4500
D|532021213|10324805|1|16.4500|16.4500
D|532021213|10324806|1|16.4500|16.4500
D|532021214|10186044|1|32.0200|32.0200
D|532021214|10186124|1|32.0200|32.0200
D|532021214|10186125|1|32.0200|32.0200
D|532021214|10285032|2|40.9900|81.9800
D|532021214|10310622|1|70.1200|70.1200
D|532021214|10310623|1|70.1200|70.1200