F|2023-04-24|54
C|542021154||04||0.00|0.0000|0.00|0.00|0.00|0|GENERADO|2023-04-24|54|0|0|0.0000
C|542021155||04||0.00|0.0000|0.00|0.00|0.00|0|GENERADO|2023-04-24|54|0|0|0.0000
C|542021156|102016|04|precio9|7067.26|0.0000|7067.26|1272.11|8339.37|24|GENERADO|2023-04-24|54|0|0|0.0000
C|542021157|1012963|04|precio9|11092.65|0.0000|11092.65|1996.68|13089.33|24|GENERADO|2023-04-24|54|0|0|0.0000
C|542021158|10120378|04|precio9|10039.44|0.0000|10039.44|1807.10|11846.54|23|GENERADO|2023-04-24|54|0|0|0.0000
C|542021159|1012573|04|precio9|3424.06|0.0000|3424.06|616.33|4040.39|19|GENERADO|2023-04-24|54|0|0|0.0000
C|542021160|101114|04|precio9|2237.84|0.0000|2237.84|402.81|2640.65|1|GENERADO|2023-04-24|54|0|0|0.0000
C|542021161|CATA10174|04|precio8|12376.57|0.0000|12376.57|2227.78|14604.35|19|GENERADO|2023-04-24|54|0|0|0.0000
D|542021156|10185011|6|6.9400|41.6400
D|542021156|10185012|6|6.9400|41.6400
D|542021156|10185013|6|6.9400|41.6400
D|542021156|10185041|6|6.9400|41.6400
D|542021156|10185042|6|6.9400|41.6400
D|542021156|10185043|6|6.9400|41.6400
D|542021156|10185091|6|6.9400|41.6400
D|542021156|10185092|6|6.9400|41.6400
D|542021156|10185093|6|6.9400|41.6400
D|542021156|10185121|6|6.9400|41.6400
D|542021156|10185122|6|6.9400|41.6400
D|542021156|10185123|6|6.9400|41.6400
D|542021156|10188011|5|5.7100|28.5500
D|542021156|10188012|5|5.7100|28.5500
D|542021156|10188013|5|5.7100|28.5500
D|542021156|10188014|5|5.7100|28.5500
D|542021156|10188031|5|5.7100|28.5500
D|542021156|10188032|5|5.7100|28.5500
D|542021156|10188033|5|5.7100|28.5500
D|542021156|10188034|5|5.7100|28.5500
D|542021156|10188551|5|5.7100|28.5500
D|542021156|10188552|5|5.7100|28.5500
D|542021156|10188553|5|5.7100|28.5500
D|542021156|10188554|5|5.7100|28.5500
D|542021156|10188621|5|5.7100|28.5500
D|542021156|10188622|5|5.7100|28.5500
D|542021156|10188623|5|5.7100|28.5500
D|542021156|10188624|5|5.7100|28.5500
D|542021156|10188801|5|5.7100|28.5500
D|542021156|10188802|5|5.7100|28.5500
D|542021156|10188803|5|5.7100|28.5500
D|542021156|10188804|5|5.7100|28.5500
D|542021156|10197021|6|21.1700|127.0200
D|542021156|10197022|6|21.1700|127.0200
D|542021156|10197023|6|21.1700|127.0200
D|542021156|10197024|6|21.1700|127.0200
D|542021156|10197031|6|21.1700|127.0200
D|542021156|10197032|6|21.1700|127.0200
D|542021156|10197033|6|21.1700|127.0200
D|542021156|10197034|6|21.1700|127.0200
D|542021156|10201011|6|6.8500|41.1000
D|542021156|10201012|6|6.8500|41.1000
D|542021156|10201013|6|6.8500|41.1000
D|542021156|10201041|6|6.8500|41.1000
D|542021156|10201042|6|6.8500|41.1000
D|542021156|10201043|6|6.8500|41.1000
D|542021156|10201091|6|6.8500|41.1000
D|542021156|10201092|6|6.8500|41.1000
D|542021156|10201093|6|6.8500|41.1000
D|542021156|10201121|6|6.8500|41.1000
D|542021156|10201122|6|6.8500|41.1000
D|542021156|10201123|6|6.8500|41.1000
D|542021156|10206022|6|50.5500|303.3000
D|542021156|10206023|3|50.5500|151.6500
D|542021156|10206032|6|50.5500|303.3000
D|542021156|10206033|3|50.5500|151.6500
D|542021156|10223011|3|6.9400|20.8200
D|542021156|10223012|3|6.9400|20.8200
D|542021156|10223013|3|6.9400|20.8200
D|542021156|10223031|3|6.9400|20.8200
D|542021156|10223032|3|6.9400|20.8200
D|542021156|10223033|3|6.9400|20.8200
D|542021156|10223431|3|6.9400|20.8200
D|542021156|10223432|3|6.9400|20.8200
D|542021156|10223433|3|6.9400|20.8200
D|542021156|10223551|3|6.9400|20.8200
D|542021156|10223552|3|6.9400|20.8200
D|542021156|10223553|3|6.9400|20.8200
D|542021156|10231011|2|14.9400|29.8800
D|542021156|10231012|2|14.9400|29.8800
D|542021156|10231013|2|14.9400|29.8800
D|542021156|10231014|2|14.9400|29.8800
D|542021156|10231031|4|14.9400|59.7600
D|542021156|10231032|4|14.9400|59.7600
D|542021156|10231033|4|14.9400|59.7600
D|542021156|10231034|4|14.9400|59.7600
D|542021156|10231621|4|14.9400|59.7600
D|542021156|10231622|4|14.9400|59.7600
D|542021156|10231623|4|14.9400|59.7600
D|542021156|10231624|4|14.9400|59.7600
D|542021156|10251561|3|7.3200|21.9600
D|542021156|10251562|3|7.3200|21.9600
D|542021156|10251563|3|7.3200|21.9600
D|542021156|10251641|3|7.3200|21.9600
D|542021156|10251642|3|7.3200|21.9600
D|542021156|10251643|3|7.3200|21.9600
D|542021156|10251651|3|7.3200|21.9600
D|542021156|10251652|3|7.3200|21.9600
D|542021156|10251653|3|7.3200|21.9600
D|542021156|10251661|3|7.3200|21.9600
D|542021156|10251662|3|7.3200|21.9600
D|542021156|10251663|3|7.3200|21.9600
D|542021156|10273011|3|7.5600|22.6800
D|542021156|10273012|3|7.5600|22.6800
D|542021156|10273013|3|7.5600|22.6800
D|542021156|10273031|3|7.5600|22.6800
D|542021156|10273032|3|7.5600|22.6800
D|542021156|10273033|3|7.5600|22.6800
D|542021156|10273041|3|7.5600|22.6800
D|542021156|10273042|3|7.5600|22.6800
D|542021156|10273043|3|7.5600|22.6800
D|542021156|10273431|3|7.5600|22.6800
D|542021156|10273432|3|7.5600|22.6800
D|542021156|10273433|3|7.5600|22.6800
D|542021156|10273551|3|7.5600|22.6800
D|542021156|10273552|3|7.5600|22.6800
D|542021156|10273553|3|7.5600|22.6800
D|542021156|10291011|4|11.7400|46.9600
D|542021156|10291012|4|11.7400|46.9600
D|542021156|10291013|4|11.7400|46.9600
D|542021156|10291031|4|11.7400|46.9600
D|542021156|10291032|4|11.7400|46.9600
D|542021156|10291033|4|11.7400|46.9600
D|542021156|10291801|4|11.7400|46.9600
D|542021156|10291802|4|11.7400|46.9600
D|542021156|10291803|4|11.7400|46.9600
D|542021156|10295011|3|6.4900|19.4700
D|542021156|10295012|3|6.4900|19.4700
D|542021156|10295013|3|6.4900|19.4700
D|542021156|10295031|3|6.4900|19.4700
D|542021156|10295032|3|6.4900|19.4700
D|542021156|10295033|3|6.4900|19.4700
D|542021156|10295101|3|6.4900|19.4700
D|542021156|10295102|3|6.4900|19.4700
D|542021156|10295103|3|6.4900|19.4700
D|542021156|10295801|3|6.4900|19.4700
D|542021156|10295802|3|6.4900|19.4700
D|542021156|10295803|3|6.4900|19.4700
D|542021156|10296031|3|8.2700|24.8100
D|542021156|10296032|3|8.2700|24.8100
D|542021156|10296033|3|8.2700|24.8100
D|542021156|10296441|3|8.2700|24.8100
D|542021156|10296442|3|8.2700|24.8100
D|542021156|10296443|3|8.2700|24.8100
D|542021156|10296551|3|8.2700|24.8100
D|542021156|10296552|3|8.2700|24.8100
D|542021156|10296553|3|8.2700|24.8100
D|542021156|10296801|3|8.2700|24.8100
D|542021156|10296802|3|8.2700|24.8100
D|542021156|10296803|3|8.2700|24.8100
D|542021156|10298011|3|7.9200|23.7600
D|542021156|10298012|3|7.9200|23.7600
D|542021156|10298013|3|7.9200|23.7600
D|542021156|10298031|3|7.9200|23.7600
D|542021156|10298032|3|7.9200|23.7600
D|542021156|10298033|3|7.9200|23.7600
D|542021156|10298551|3|7.9200|23.7600
D|542021156|10298552|3|7.9200|23.7600
D|542021156|10298553|3|7.9200|23.7600
D|542021156|10298811|3|7.9200|23.7600
D|542021156|10298812|3|7.9200|23.7600
D|542021156|10298813|3|7.9200|23.7600
D|542021156|10306031|6|8.0100|48.0600
D|542021156|10306032|6|8.0100|48.0600
D|542021156|10306033|6|8.0100|48.0600
D|542021156|10306121|6|8.0100|48.0600
D|542021156|10306122|6|8.0100|48.0600
D|542021156|10306123|6|8.0100|48.0600
D|542021156|10306601|6|8.0100|48.0600
D|542021156|10306602|6|8.0100|48.0600
D|542021156|10306603|6|8.0100|48.0600
D|542021156|10306801|6|8.0100|48.0600
D|542021156|10306802|6|8.0100|48.0600
D|542021156|10306803|6|8.0100|48.0600
D|542021156|10313031|3|8.6200|25.8600
D|542021156|10313032|3|8.6200|25.8600
D|542021156|10313033|3|8.6200|25.8600
D|542021156|10313121|3|8.6200|25.8600
D|542021156|10313122|3|8.6200|25.8600
D|542021156|10313123|3|8.6200|25.8600
D|542021156|10313601|3|8.6200|25.8600
D|542021156|10313602|3|8.6200|25.8600
D|542021156|10313603|3|8.6200|25.8600
D|542021156|10313801|3|8.6200|25.8600
D|542021156|10313802|3|8.6200|25.8600
D|542021156|10313803|3|8.6200|25.8600
D|542021157|10029012|24|7.3400|176.1600
D|542021157|10029013|4|7.3400|29.3600
D|542021157|10029022|12|7.3400|88.0800
D|542021157|10029023|4|7.3400|29.3600
D|542021157|10029032|12|7.3400|88.0800
D|542021157|10029033|4|7.3400|29.3600
D|542021157|10089012|12|10.8600|130.3200
D|542021157|10089013|12|10.8600|130.3200
D|542021157|10089014|9|10.8600|97.7400
D|542021157|10089015|4|10.8600|43.4400
D|542021157|10089022|12|10.8600|130.3200
D|542021157|10089023|6|10.8600|65.1600
D|542021157|10089024|6|10.8600|65.1600
D|542021157|10089025|4|10.8600|43.4400
D|542021157|10089032|12|10.8600|130.3200
D|542021157|10089033|6|10.8600|65.1600
D|542021157|10089034|6|10.8600|65.1600
D|542021157|10089035|4|10.8600|43.4400
D|542021157|10089092|12|10.8600|130.3200
D|542021157|10089093|6|10.8600|65.1600
D|542021157|10089094|6|10.8600|65.1600
D|542021157|10089095|4|10.8600|43.4400
D|542021157|10089432|12|10.8600|130.3200
D|542021157|10089433|12|10.8600|130.3200
D|542021157|10089434|6|10.8600|65.1600
D|542021157|10089435|4|10.8600|43.4400
D|542021157|10185012|24|6.9400|166.5600
D|542021157|10185013|12|6.9400|83.2800
D|542021157|10185042|24|6.9400|166.5600
D|542021157|10185043|12|6.9400|83.2800
D|542021157|10185092|24|6.9400|166.5600
D|542021157|10185093|12|6.9400|83.2800
D|542021157|10185122|24|6.9400|166.5600
D|542021157|10185123|12|6.9400|83.2800
D|542021157|10197022|12|21.1700|254.0400
D|542021157|10197023|12|21.1700|254.0400
D|542021157|10197024|6|21.1700|127.0200
D|542021157|10197032|12|21.1700|254.0400
D|542021157|10197033|12|21.1700|254.0400
D|542021157|10197034|6|21.1700|127.0200
D|542021157|10203012|12|6.7500|81.0000
D|542021157|10203031|6|6.7500|40.5000
D|542021157|10203032|12|6.7500|81.0000
D|542021157|10203033|9|6.7500|60.7500
D|542021157|10203561|6|6.7500|40.5000
D|542021157|10203562|12|6.7500|81.0000
D|542021157|10203563|9|6.7500|60.7500
D|542021157|10203651|4|6.7500|27.0000
D|542021157|10203652|12|6.7500|81.0000
D|542021157|10203653|9|6.7500|60.7500
D|542021157|10203662|6|6.7500|40.5000
D|542021157|10206022|12|50.5500|606.6000
D|542021157|10206032|12|50.5500|606.6000
D|542021157|10219012|6|6.7500|40.5000
D|542021157|10219013|6|6.7500|40.5000
D|542021157|10219032|6|6.7500|40.5000
D|542021157|10219033|6|6.7500|40.5000
D|542021157|10219212|6|6.7500|40.5000
D|542021157|10219213|6|6.7500|40.5000
D|542021157|10219552|6|6.7500|40.5000
D|542021157|10219553|6|6.7500|40.5000
D|542021157|10273011|12|7.5600|90.7200
D|542021157|10273012|12|7.5600|90.7200
D|542021157|10273013|12|7.5600|90.7200
D|542021157|10273031|12|7.5600|90.7200
D|542021157|10273032|12|7.5600|90.7200
D|542021157|10273033|12|7.5600|90.7200
D|542021157|10273041|12|7.5600|90.7200
D|542021157|10273042|12|7.5600|90.7200
D|542021157|10273043|12|7.5600|90.7200
D|542021157|10273431|12|7.5600|90.7200
D|542021157|10273432|12|7.5600|90.7200
D|542021157|10273433|12|7.5600|90.7200
D|542021157|10273551|12|7.5600|90.7200
D|542021157|10273552|12|7.5600|90.7200
D|542021157|10273553|12|7.5600|90.7200
D|542021157|10306032|24|8.0100|192.2400
D|542021157|10306033|12|8.0100|96.1200
D|542021157|10306122|24|8.0100|192.2400
D|542021157|10306123|12|8.0100|96.1200
D|542021157|10306602|24|8.0100|192.2400
D|542021157|10306603|12|8.0100|96.1200
D|542021157|10306802|24|8.0100|192.2400
D|542021157|10306803|12|8.0100|96.1200
D|542021157|10310032|4|70.1200|280.4800
D|542021157|10310033|4|70.1200|280.4800
D|542021157|10310034|4|70.1200|280.4800
D|542021157|10310622|4|70.1200|280.4800
D|542021157|10310623|4|70.1200|280.4800
D|542021157|10310624|4|70.1200|280.4800
D|542021157|10313031|3|8.6200|25.8600
D|542021157|10313032|3|8.6200|25.8600
D|542021157|10313033|3|8.6200|25.8600
D|542021157|10313121|3|8.6200|25.8600
D|542021157|10313122|3|8.6200|25.8600
D|542021157|10313123|3|8.6200|25.8600
D|542021157|10313601|3|8.6200|25.8600
D|542021157|10313602|3|8.6200|25.8600
D|542021157|10313603|3|8.6200|25.8600
D|542021157|10313801|3|8.6200|25.8600
D|542021157|10313802|3|8.6200|25.8600
D|542021157|10313803|3|8.6200|25.8600
D|542021158|10010012|6|5.3200|31.9200
D|542021158|10010032|6|5.3200|31.9200
D|542021158|10010042|6|5.3200|31.9200
D|542021158|10010292|6|5.3200|31.9200
D|542021158|10010293|3|5.3200|15.9600
D|542021158|10010622|6|5.3200|31.9200
D|542021158|10010623|3|5.3200|15.9600
D|542021158|10012011|1|6.3400|6.3400
D|542021158|10012012|3|6.3400|19.0200
D|542021158|10012013|3|6.3400|19.0200
D|542021158|10012021|1|6.3400|6.3400
D|542021158|10012022|3|6.3400|19.0200
D|542021158|10012023|3|6.3400|19.0200
D|542021158|10012031|1|6.3400|6.3400
D|542021158|10012032|3|6.3400|19.0200
D|542021158|10012033|3|6.3400|19.0200
D|542021158|10012101|1|6.3400|6.3400
D|542021158|10012102|3|6.3400|19.0200
D|542021158|10012103|3|6.3400|19.0200
D|542021158|10012221|1|6.3400|6.3400
D|542021158|10012222|3|6.3400|19.0200
D|542021158|10012223|3|6.3400|19.0200
D|542021158|10012431|1|6.3400|6.3400
D|542021158|10012432|3|6.3400|19.0200
D|542021158|10012433|3|6.3400|19.0200
D|542021158|10013015|6|5.7900|34.7400
D|542021158|10013045|3|5.7900|17.3700
D|542021158|10013095|3|5.7900|17.3700
D|542021158|10013625|3|5.7900|17.3700
D|542021158|10026011|4|5.1300|20.5200
D|542021158|10026012|6|5.1300|30.7800
D|542021158|10026013|3|5.1300|15.3900
D|542021158|10026021|3|5.1300|15.3900
D|542021158|10026022|4|5.1300|20.5200
D|542021158|10026023|3|5.1300|15.3900
D|542021158|10026032|4|5.1300|20.5200
D|542021158|10026033|3|5.1300|15.3900
D|542021158|10026052|4|5.1300|20.5200
D|542021158|10026072|4|5.1300|20.5200
D|542021158|10026102|4|5.1300|20.5200
D|542021158|10026222|4|5.1300|20.5200
D|542021158|10026262|4|5.1300|20.5200
D|542021158|10026801|2|5.1300|10.2600
D|542021158|10026802|4|5.1300|20.5200
D|542021158|10026803|2|5.1300|10.2600
D|542021158|10029014|2|7.3400|14.6800
D|542021158|10029021|1|7.3400|7.3400
D|542021158|10029022|4|7.3400|29.3600
D|542021158|10029023|2|7.3400|14.6800
D|542021158|10029024|3|7.3400|22.0200
D|542021158|10029033|2|7.3400|14.6800
D|542021158|10029034|1|7.3400|7.3400
D|542021158|10029091|1|7.3400|7.3400
D|542021158|10029092|2|7.3400|14.6800
D|542021158|10029093|2|7.3400|14.6800
D|542021158|10029094|2|7.3400|14.6800
D|542021158|10041011|3|6.2300|18.6900
D|542021158|10041012|5|6.2300|31.1500
D|542021158|10041013|2|6.2300|12.4600
D|542021158|10041014|2|6.2300|12.4600
D|542021158|10041021|2|6.2300|12.4600
D|542021158|10041022|3|6.2300|18.6900
D|542021158|10041023|2|6.2300|12.4600
D|542021158|10041024|2|6.2300|12.4600
D|542021158|10041031|2|6.2300|12.4600
D|542021158|10041032|3|6.2300|18.6900
D|542021158|10041033|2|6.2300|12.4600
D|542021158|10041034|2|6.2300|12.4600
D|542021158|10041092|3|6.2300|18.6900
D|542021158|10041093|3|6.2300|18.6900
D|542021158|10041101|1|6.2300|6.2300
D|542021158|10041102|3|6.2300|18.6900
D|542021158|10041103|2|6.2300|12.4600
D|542021158|10041801|1|6.2300|6.2300
D|542021158|10041802|3|6.2300|18.6900
D|542021158|10041803|3|6.2300|18.6900
D|542021158|10041804|2|6.2300|12.4600
D|542021158|10045012|2|8.2400|16.4800
D|542021158|10045032|2|8.2400|16.4800
D|542021158|10045033|3|8.2400|24.7200
D|542021158|10045212|2|8.2400|16.4800
D|542021158|10045552|2|8.2400|16.4800
D|542021158|10045802|2|8.2400|16.4800
D|542021158|10056014|1|23.5200|23.5200
D|542021158|10056015|1|23.5200|23.5200
D|542021158|10056033|1|23.5200|23.5200
D|542021158|10056036|1|23.5200|23.5200
D|542021158|10056623|1|23.5200|23.5200
D|542021158|10056624|1|23.5200|23.5200
D|542021158|10056625|1|23.5200|23.5200
D|542021158|10060012|2|8.5500|17.1000
D|542021158|10060013|2|8.5500|17.1000
D|542021158|10060014|2|8.5500|17.1000
D|542021158|10060022|3|8.5500|25.6500
D|542021158|10060023|4|8.5500|34.2000
D|542021158|10060024|2|8.5500|17.1000
D|542021158|10060032|3|8.5500|25.6500
D|542021158|10060033|4|8.5500|34.2000
D|542021158|10060034|3|8.5500|25.6500
D|542021158|10060292|2|8.5500|17.1000
D|542021158|10060293|3|8.5500|25.6500
D|542021158|10060294|3|8.5500|25.6500
D|542021158|10061011|2|6.2300|12.4600
D|542021158|10061012|4|6.2300|24.9200
D|542021158|10061013|3|6.2300|18.6900
D|542021158|10061031|2|6.2300|12.4600
D|542021158|10061032|4|6.2300|24.9200
D|542021158|10061033|3|6.2300|18.6900
D|542021158|10061051|2|6.2300|12.4600
D|542021158|10061052|4|6.2300|24.9200
D|542021158|10061053|3|6.2300|18.6900
D|542021158|10061071|2|6.2300|12.4600
D|542021158|10061072|4|6.2300|24.9200
D|542021158|10061073|3|6.2300|18.6900
D|542021158|10061221|2|6.2300|12.4600
D|542021158|10061222|4|6.2300|24.9200
D|542021158|10061223|3|6.2300|18.6900
D|542021158|10061231|2|6.2300|12.4600
D|542021158|10061232|4|6.2300|24.9200
D|542021158|10061233|3|6.2300|18.6900
D|542021158|10061261|2|6.2300|12.4600
D|542021158|10061262|4|6.2300|24.9200
D|542021158|10061263|3|6.2300|18.6900
D|542021158|10062015|1|27.7400|27.7400
D|542021158|10062804|1|27.7400|27.7400
D|542021158|10062805|1|27.7400|27.7400
D|542021158|10062806|1|27.7400|27.7400
D|542021158|10064032|1|6.2300|6.2300
D|542021158|10064102|2|6.2300|12.4600
D|542021158|10064622|1|6.2300|6.2300
D|542021158|10064802|2|6.2300|12.4600
D|542021158|10089023|2|10.8600|21.7200
D|542021158|10089024|3|10.8600|32.5800
D|542021158|10089025|2|10.8600|21.7200
D|542021158|10089032|3|10.8600|32.5800
D|542021158|10089034|3|10.8600|32.5800
D|542021158|10089035|3|10.8600|32.5800
D|542021158|10089092|3|10.8600|32.5800
D|542021158|10089093|2|10.8600|21.7200
D|542021158|10089094|2|10.8600|21.7200
D|542021158|10089095|2|10.8600|21.7200
D|542021158|10089432|3|10.8600|32.5800
D|542021158|10089433|3|10.8600|32.5800
D|542021158|10089434|3|10.8600|32.5800
D|542021158|10089435|3|10.8600|32.5800
D|542021158|10112015|1|38.1400|38.1400
D|542021158|10112016|2|38.1400|76.2800
D|542021158|10112017|1|38.1400|38.1400
D|542021158|10112035|1|38.1400|38.1400
D|542021158|10112036|2|38.1400|76.2800
D|542021158|10112037|1|38.1400|38.1400
D|542021158|10112125|1|38.1400|38.1400
D|542021158|10112126|2|38.1400|76.2800
D|542021158|10112127|1|38.1400|38.1400
D|542021158|10112625|1|38.1400|38.1400
D|542021158|10112626|2|38.1400|76.2800
D|542021158|10112627|1|38.1400|38.1400
D|542021158|10112805|1|38.1400|38.1400
D|542021158|10112806|2|38.1400|76.2800
D|542021158|10112807|1|38.1400|38.1400
D|542021158|10140012|5|5.8300|29.1500
D|542021158|10140013|5|5.8300|29.1500
D|542021158|10140032|5|5.8300|29.1500
D|542021158|10140033|5|5.8300|29.1500
D|542021158|10140072|5|5.8300|29.1500
D|542021158|10140073|5|5.8300|29.1500
D|542021158|10140102|5|5.8300|29.1500
D|542021158|10140103|5|5.8300|29.1500
D|542021158|10140552|5|5.8300|29.1500
D|542021158|10140553|5|5.8300|29.1500
D|542021158|10140622|5|5.8300|29.1500
D|542021158|10140623|5|5.8300|29.1500
D|542021158|10140802|5|5.8300|29.1500
D|542021158|10140803|5|5.8300|29.1500
D|542021158|10153011|2|10.6700|21.3400
D|542021158|10153012|2|10.6700|21.3400
D|542021158|10153013|2|10.6700|21.3400
D|542021158|10153031|2|10.6700|21.3400
D|542021158|10153032|2|10.6700|21.3400
D|542021158|10153033|2|10.6700|21.3400
D|542021158|10153121|2|10.6700|21.3400
D|542021158|10153122|2|10.6700|21.3400
D|542021158|10153123|2|10.6700|21.3400
D|542021158|10153621|2|10.6700|21.3400
D|542021158|10153622|2|10.6700|21.3400
D|542021158|10153623|2|10.6700|21.3400
D|542021158|10156012|3|7.6500|22.9500
D|542021158|10156013|4|7.6500|30.6000
D|542021158|10156032|4|7.6500|30.6000
D|542021158|10156033|4|7.6500|30.6000
D|542021158|10156433|4|7.6500|30.6000
D|542021158|10156802|1|7.6500|7.6500
D|542021158|10156803|4|7.6500|30.6000
D|542021158|10188011|2|5.7100|11.4200
D|542021158|10188012|4|5.7100|22.8400
D|542021158|10188032|4|5.7100|22.8400
D|542021158|10188551|2|5.7100|11.4200
D|542021158|10188552|4|5.7100|22.8400
D|542021158|10188621|2|5.7100|11.4200
D|542021158|10188622|4|5.7100|22.8400
D|542021158|10188802|4|5.7100|22.8400
D|542021158|10200011|3|7.2100|21.6300
D|542021158|10200012|4|7.2100|28.8400
D|542021158|10200013|4|7.2100|28.8400
D|542021158|10200031|3|7.2100|21.6300
D|542021158|10200032|4|7.2100|28.8400
D|542021158|10200033|4|7.2100|28.8400
D|542021158|10200091|3|7.2100|21.6300
D|542021158|10200092|4|7.2100|28.8400
D|542021158|10200093|4|7.2100|28.8400
D|542021158|10200431|3|7.2100|21.6300
D|542021158|10200432|4|7.2100|28.8400
D|542021158|10200433|4|7.2100|28.8400
D|542021158|10205032|7|13.5600|94.9200
D|542021158|10205033|5|13.5600|67.8000
D|542021158|10205034|4|13.5600|54.2400
D|542021158|10205122|7|13.5600|94.9200
D|542021158|10205123|5|13.5600|67.8000
D|542021158|10205124|4|13.5600|54.2400
D|542021158|10206021|1|50.5500|50.5500
D|542021158|10206023|1|50.5500|50.5500
D|542021158|10206031|2|50.5500|101.1000
D|542021158|10206032|2|50.5500|101.1000
D|542021158|10206033|1|50.5500|50.5500
D|542021158|10213022|2|21.1700|42.3400
D|542021158|10213031|2|21.1700|42.3400
D|542021158|10213032|3|21.1700|63.5100
D|542021158|10213033|2|21.1700|42.3400
D|542021158|10217561|2|6.6000|13.2000
D|542021158|10217562|3|6.6000|19.8000
D|542021158|10217563|3|6.6000|19.8000
D|542021158|10217641|2|6.6000|13.2000
D|542021158|10217642|3|6.6000|19.8000
D|542021158|10217643|3|6.6000|19.8000
D|542021158|10217651|2|6.6000|13.2000
D|542021158|10217652|3|6.6000|19.8000
D|542021158|10217653|3|6.6000|19.8000
D|542021158|10217661|2|6.6000|13.2000
D|542021158|10217662|3|6.6000|19.8000
D|542021158|10217663|3|6.6000|19.8000
D|542021158|10218035|1|30.9500|30.9500
D|542021158|10218036|2|30.9500|61.9000
D|542021158|10218555|1|30.9500|30.9500
D|542021158|10218556|1|30.9500|30.9500
D|542021158|10223031|2|6.9400|13.8800
D|542021158|10223032|4|6.9400|27.7600
D|542021158|10223033|2|6.9400|13.8800
D|542021158|10223432|4|6.9400|27.7600
D|542021158|10223433|2|6.9400|13.8800
D|542021158|10223552|4|6.9400|27.7600
D|542021158|10223553|2|6.9400|13.8800
D|542021158|10224216|2|25.6200|51.2400
D|542021158|10224236|1|25.6200|25.6200
D|542021158|10229031|1|18.2900|18.2900
D|542021158|10229032|1|18.2900|18.2900
D|542021158|10229621|1|18.2900|18.2900
D|542021158|10229622|2|18.2900|36.5800
D|542021158|10231032|1|14.9400|14.9400
D|542021158|10231621|1|14.9400|14.9400
D|542021158|10231622|1|14.9400|14.9400
D|542021158|10260013|2|10.6700|21.3400
D|542021158|10260014|2|10.6700|21.3400
D|542021158|10260603|2|10.6700|21.3400
D|542021158|10260604|2|10.6700|21.3400
D|542021158|10260623|2|10.6700|21.3400
D|542021158|10260624|2|10.6700|21.3400
D|542021158|10273011|4|7.5600|30.2400
D|542021158|10273012|6|7.5600|45.3600
D|542021158|10273013|6|7.5600|45.3600
D|542021158|10273031|4|7.5600|30.2400
D|542021158|10273032|6|7.5600|45.3600
D|542021158|10273033|6|7.5600|45.3600
D|542021158|10273041|4|7.5600|30.2400
D|542021158|10273042|6|7.5600|45.3600
D|542021158|10273043|6|7.5600|45.3600
D|542021158|10273431|4|7.5600|30.2400
D|542021158|10273432|6|7.5600|45.3600
D|542021158|10273433|6|7.5600|45.3600
D|542021158|10273551|4|7.5600|30.2400
D|542021158|10273552|6|7.5600|45.3600
D|542021158|10273553|6|7.5600|45.3600
D|542021158|10276012|2|7.2100|14.4200
D|542021158|10276014|2|7.2100|14.4200
D|542021158|10276034|2|7.2100|14.4200
D|542021158|10276091|2|7.2100|14.4200
D|542021158|10276092|2|7.2100|14.4200
D|542021158|10276093|2|7.2100|14.4200
D|542021158|10276094|2|7.2100|14.4200
D|542021158|10276601|2|7.2100|14.4200
D|542021158|10276602|2|7.2100|14.4200
D|542021158|10276603|2|7.2100|14.4200
D|542021158|10276604|2|7.2100|14.4200
D|542021158|10276621|1|7.2100|7.2100
D|542021158|10276622|1|7.2100|7.2100
D|542021158|10276623|2|7.2100|14.4200
D|542021158|10276624|2|7.2100|14.4200
D|542021158|10288031|2|8.0100|16.0200
D|542021158|10288032|3|8.0100|24.0300
D|542021158|10288432|3|8.0100|24.0300
D|542021158|10288551|2|8.0100|16.0200
D|542021158|10288552|3|8.0100|24.0300
D|542021158|10288553|2|8.0100|16.0200
D|542021158|10288602|3|8.0100|24.0300
D|542021158|10288801|2|8.0100|16.0200
D|542021158|10288802|3|8.0100|24.0300
D|542021158|10288803|2|8.0100|16.0200
D|542021158|10291032|4|11.7400|46.9600
D|542021158|10291033|2|11.7400|23.4800
D|542021158|10291802|4|11.7400|46.9600
D|542021158|10291803|2|11.7400|23.4800
D|542021158|10293032|3|8.2700|24.8100
D|542021158|10293033|2|8.2700|16.5400
D|542021158|10293552|3|8.2700|24.8100
D|542021158|10293811|3|8.2700|24.8100
D|542021158|10293812|4|8.2700|33.0800
D|542021158|10293813|4|8.2700|33.0800
D|542021158|10296032|4|8.2700|33.0800
D|542021158|10296033|4|8.2700|33.0800
D|542021158|10296442|4|8.2700|33.0800
D|542021158|10296443|4|8.2700|33.0800
D|542021158|10296552|4|8.2700|33.0800
D|542021158|10296553|4|8.2700|33.0800
D|542021158|10296802|4|8.2700|33.0800
D|542021158|10296803|4|8.2700|33.0800
D|542021158|10297035|1|27.7500|27.7500
D|542021158|10297444|1|27.7500|27.7500
D|542021158|10297445|1|27.7500|27.7500
D|542021158|10297555|1|27.7500|27.7500
D|542021158|10297804|1|27.7500|27.7500
D|542021158|10297805|1|27.7500|27.7500
D|542021158|10298012|3|7.9200|23.7600
D|542021158|10298013|2|7.9200|15.8400
D|542021158|10298032|3|7.9200|23.7600
D|542021158|10298033|2|7.9200|15.8400
D|542021158|10298551|3|7.9200|23.7600
D|542021158|10298552|3|7.9200|23.7600
D|542021158|10298553|2|7.9200|15.8400
D|542021158|10298811|2|7.9200|15.8400
D|542021158|10298812|3|7.9200|23.7600
D|542021158|10298813|2|7.9200|15.8400
D|542021158|10304012|2|8.9700|17.9400
D|542021158|10304013|4|8.9700|35.8800
D|542021158|10304092|2|8.9700|17.9400
D|542021158|10304093|4|8.9700|35.8800
D|542021158|10304622|2|8.9700|17.9400
D|542021158|10304623|4|8.9700|35.8800
D|542021158|10306032|5|8.0100|40.0500
D|542021158|10306122|5|8.0100|40.0500
D|542021158|10306602|5|8.0100|40.0500
D|542021158|10306802|5|8.0100|40.0500
D|542021158|10312031|1|62.3500|62.3500
D|542021158|10312032|1|62.3500|62.3500
D|542021158|10312033|1|62.3500|62.3500
D|542021158|10312622|1|62.3500|62.3500
D|542021158|10313031|2|8.6200|17.2400
D|542021158|10313032|3|8.6200|25.8600
D|542021158|10313033|3|8.6200|25.8600
D|542021158|10313121|2|8.6200|17.2400
D|542021158|10313122|3|8.6200|25.8600
D|542021158|10313123|3|8.6200|25.8600
D|542021158|10313601|2|8.6200|17.2400
D|542021158|10313602|3|8.6200|25.8600
D|542021158|10313603|3|8.6200|25.8600
D|542021158|10313801|2|8.6200|17.2400
D|542021158|10313802|3|8.6200|25.8600
D|542021158|10313803|3|8.6200|25.8600
D|542021158|10315013|4|10.3800|41.5200
D|542021158|10315031|3|10.3800|31.1400
D|542021158|10315032|4|10.3800|41.5200
D|542021158|10315033|4|10.3800|41.5200
D|542021158|10315432|3|10.3800|31.1400
D|542021158|10315433|4|10.3800|41.5200
D|542021158|10315621|3|10.3800|31.1400
D|542021158|10315623|4|10.3800|41.5200
D|542021158|10315802|3|10.3800|31.1400
D|542021158|10315803|4|10.3800|41.5200
D|542021158|10325013|2|20.7900|41.5800
D|542021158|10325014|2|20.7900|41.5800
D|542021158|10325033|1|20.7900|20.7900
D|542021158|10325034|1|20.7900|20.7900
D|542021158|10325623|1|20.7900|20.7900
D|542021158|10325624|1|20.7900|20.7900
D|542021159|10010012|2|5.3200|10.6400
D|542021159|10010013|1|5.3200|5.3200
D|542021159|10010032|2|5.3200|10.6400
D|542021159|10010033|1|5.3200|5.3200
D|542021159|10010042|2|5.3200|10.6400
D|542021159|10010043|1|5.3200|5.3200
D|542021159|10010262|2|5.3200|10.6400
D|542021159|10010263|1|5.3200|5.3200
D|542021159|10010292|2|5.3200|10.6400
D|542021159|10010293|1|5.3200|5.3200
D|542021159|10010622|2|5.3200|10.6400
D|542021159|10010623|1|5.3200|5.3200
D|542021159|10026011|3|5.1300|15.3900
D|542021159|10026012|4|5.1300|20.5200
D|542021159|10026013|3|5.1300|15.3900
D|542021159|10026021|2|5.1300|10.2600
D|542021159|10026022|3|5.1300|15.3900
D|542021159|10026023|2|5.1300|10.2600
D|542021159|10026031|1|5.1300|5.1300
D|542021159|10026032|2|5.1300|10.2600
D|542021159|10026033|1|5.1300|5.1300
D|542021159|10026051|1|5.1300|5.1300
D|542021159|10026052|2|5.1300|10.2600
D|542021159|10026053|1|5.1300|5.1300
D|542021159|10026071|1|5.1300|5.1300
D|542021159|10026072|2|5.1300|10.2600
D|542021159|10026073|1|5.1300|5.1300
D|542021159|10026261|1|5.1300|5.1300
D|542021159|10026262|1|5.1300|5.1300
D|542021159|10026263|1|5.1300|5.1300
D|542021159|10026802|1|5.1300|5.1300
D|542021159|10029012|2|7.3400|14.6800
D|542021159|10029013|2|7.3400|14.6800
D|542021159|10029014|1|7.3400|7.3400
D|542021159|10029022|2|7.3400|14.6800
D|542021159|10029023|2|7.3400|14.6800
D|542021159|10029024|1|7.3400|7.3400
D|542021159|10029032|1|7.3400|7.3400
D|542021159|10029033|1|7.3400|7.3400
D|542021159|10029034|1|7.3400|7.3400
D|542021159|10040011|3|6.4400|19.3200
D|542021159|10040012|3|6.4400|19.3200
D|542021159|10040013|3|6.4400|19.3200
D|542021159|10040031|3|6.4400|19.3200
D|542021159|10040032|4|6.4400|25.7600
D|542021159|10040033|3|6.4400|19.3200
D|542021159|10040071|1|6.4400|6.4400
D|542021159|10040072|1|6.4400|6.4400
D|542021159|10040073|1|6.4400|6.4400
D|542021159|10040101|2|6.4400|12.8800
D|542021159|10040102|2|6.4400|12.8800
D|542021159|10040103|2|6.4400|12.8800
D|542021159|10040221|2|6.4400|12.8800
D|542021159|10040222|2|6.4400|12.8800
D|542021159|10040223|2|6.4400|12.8800
D|542021159|10040261|3|6.4400|19.3200
D|542021159|10040262|3|6.4400|19.3200
D|542021159|10040263|3|6.4400|19.3200
D|542021159|10040801|1|6.4400|6.4400
D|542021159|10040802|1|6.4400|6.4400
D|542021159|10040803|1|6.4400|6.4400
D|542021159|10061011|2|6.2300|12.4600
D|542021159|10061012|2|6.2300|12.4600
D|542021159|10061013|1|6.2300|6.2300
D|542021159|10061031|1|6.2300|6.2300
D|542021159|10061032|2|6.2300|12.4600
D|542021159|10061033|1|6.2300|6.2300
D|542021159|10061051|1|6.2300|6.2300
D|542021159|10061052|2|6.2300|12.4600
D|542021159|10061053|1|6.2300|6.2300
D|542021159|10061071|2|6.2300|12.4600
D|542021159|10061072|2|6.2300|12.4600
D|542021159|10061073|1|6.2300|6.2300
D|542021159|10061222|1|6.2300|6.2300
D|542021159|10061231|2|6.2300|12.4600
D|542021159|10061232|2|6.2300|12.4600
D|542021159|10061233|2|6.2300|12.4600
D|542021159|10061261|1|6.2300|6.2300
D|542021159|10061262|1|6.2300|6.2300
D|542021159|10061263|1|6.2300|6.2300
D|542021159|10064011|1|6.2300|6.2300
D|542021159|10064012|2|6.2300|12.4600
D|542021159|10064031|1|6.2300|6.2300
D|542021159|10064032|2|6.2300|12.4600
D|542021159|10064101|1|6.2300|6.2300
D|542021159|10064102|2|6.2300|12.4600
D|542021159|10064221|1|6.2300|6.2300
D|542021159|10064222|2|6.2300|12.4600
D|542021159|10064261|1|6.2300|6.2300
D|542021159|10064262|2|6.2300|12.4600
D|542021159|10064621|1|6.2300|6.2300
D|542021159|10064622|2|6.2300|12.4600
D|542021159|10064801|1|6.2300|6.2300
D|542021159|10064802|2|6.2300|12.4600
D|542021159|10185011|1|6.9400|6.9400
D|542021159|10185012|2|6.9400|13.8800
D|542021159|10185013|2|6.9400|13.8800
D|542021159|10185041|1|6.9400|6.9400
D|542021159|10185042|2|6.9400|13.8800
D|542021159|10185043|2|6.9400|13.8800
D|542021159|10185091|1|6.9400|6.9400
D|542021159|10185092|2|6.9400|13.8800
D|542021159|10185093|2|6.9400|13.8800
D|542021159|10185121|1|6.9400|6.9400
D|542021159|10185122|2|6.9400|13.8800
D|542021159|10185123|2|6.9400|13.8800
D|542021159|10206021|1|50.5500|50.5500
D|542021159|10206022|2|50.5500|101.1000
D|542021159|10206023|2|50.5500|101.1000
D|542021159|10206024|2|50.5500|101.1000
D|542021159|10206032|2|50.5500|101.1000
D|542021159|10206033|2|50.5500|101.1000
D|542021159|10206034|2|50.5500|101.1000
D|542021159|10253011|2|7.3800|14.7600
D|542021159|10253012|2|7.3800|14.7600
D|542021159|10253013|2|7.3800|14.7600
D|542021159|10253031|2|7.3800|14.7600
D|542021159|10253032|2|7.3800|14.7600
D|542021159|10253033|2|7.3800|14.7600
D|542021159|10253051|2|7.3800|14.7600
D|542021159|10253052|2|7.3800|14.7600
D|542021159|10253053|2|7.3800|14.7600
D|542021159|10253091|2|7.3800|14.7600
D|542021159|10253092|2|7.3800|14.7600
D|542021159|10253093|2|7.3800|14.7600
D|542021159|10253601|2|7.3800|14.7600
D|542021159|10253602|2|7.3800|14.7600
D|542021159|10253603|2|7.3800|14.7600
D|542021159|10253621|2|7.3800|14.7600
D|542021159|10253622|2|7.3800|14.7600
D|542021159|10253623|2|7.3800|14.7600
D|542021159|10260012|2|10.6700|21.3400
D|542021159|10260013|4|10.6700|42.6800
D|542021159|10260014|3|10.6700|32.0100
D|542021159|10260603|3|10.6700|32.0100
D|542021159|10260604|3|10.6700|32.0100
D|542021159|10260623|4|10.6700|42.6800
D|542021159|10260624|3|10.6700|32.0100
D|542021159|10273011|1|7.5600|7.5600
D|542021159|10273012|2|7.5600|15.1200
D|542021159|10273013|1|7.5600|7.5600
D|542021159|10273031|1|7.5600|7.5600
D|542021159|10273032|1|7.5600|7.5600
D|542021159|10273033|1|7.5600|7.5600
D|542021159|10273041|1|7.5600|7.5600
D|542021159|10273042|2|7.5600|15.1200
D|542021159|10273043|1|7.5600|7.5600
D|542021159|10273431|1|7.5600|7.5600
D|542021159|10273432|2|7.5600|15.1200
D|542021159|10273433|1|7.5600|7.5600
D|542021159|10273552|2|7.5600|15.1200
D|542021159|10291011|1|11.7400|11.7400
D|542021159|10291012|2|11.7400|23.4800
D|542021159|10291013|1|11.7400|11.7400
D|542021159|10291031|1|11.7400|11.7400
D|542021159|10291032|2|11.7400|23.4800
D|542021159|10291033|1|11.7400|11.7400
D|542021159|10291801|1|11.7400|11.7400
D|542021159|10291802|2|11.7400|23.4800
D|542021159|10291803|1|11.7400|11.7400
D|542021159|10296031|1|8.2700|8.2700
D|542021159|10296032|2|8.2700|16.5400
D|542021159|10296033|1|8.2700|8.2700
D|542021159|10296441|1|8.2700|8.2700
D|542021159|10296442|2|8.2700|16.5400
D|542021159|10296443|1|8.2700|8.2700
D|542021159|10296551|1|8.2700|8.2700
D|542021159|10296552|2|8.2700|16.5400
D|542021159|10296553|1|8.2700|8.2700
D|542021159|10296801|1|8.2700|8.2700
D|542021159|10296802|2|8.2700|16.5400
D|542021159|10296803|1|8.2700|8.2700
D|542021159|10306031|2|8.0100|16.0200
D|542021159|10306032|2|8.0100|16.0200
D|542021159|10306033|1|8.0100|8.0100
D|542021159|10306121|2|8.0100|16.0200
D|542021159|10306122|3|8.0100|24.0300
D|542021159|10306123|2|8.0100|16.0200
D|542021159|10306601|2|8.0100|16.0200
D|542021159|10306602|2|8.0100|16.0200
D|542021159|10306603|2|8.0100|16.0200
D|542021159|10306801|2|8.0100|16.0200
D|542021159|10306802|2|8.0100|16.0200
D|542021159|10306803|2|8.0100|16.0200
D|542021159|10307034|1|29.8900|29.8900
D|542021159|10307035|1|29.8900|29.8900
D|542021159|10307124|1|29.8900|29.8900
D|542021159|10307125|1|29.8900|29.8900
D|542021159|10307605|1|29.8900|29.8900
D|542021159|10314031|2|8.1400|16.2800
D|542021159|10314032|2|8.1400|16.2800
D|542021159|10314033|1|8.1400|8.1400
D|542021159|10314121|2|8.1400|16.2800
D|542021159|10314122|2|8.1400|16.2800
D|542021159|10314123|1|8.1400|8.1400
D|542021159|10314601|2|8.1400|16.2800
D|542021159|10314602|2|8.1400|16.2800
D|542021159|10314603|1|8.1400|8.1400
D|542021159|10314801|2|8.1400|16.2800
D|542021159|10314802|2|8.1400|16.2800
D|542021159|10314803|1|8.1400|8.1400
D|542021159|10315011|1|10.3800|10.3800
D|542021159|10315012|2|10.3800|20.7600
D|542021159|10315013|2|10.3800|20.7600
D|542021159|10315031|1|10.3800|10.3800
D|542021159|10315032|2|10.3800|20.7600
D|542021159|10315033|2|10.3800|20.7600
D|542021159|10315431|1|10.3800|10.3800
D|542021159|10315432|2|10.3800|20.7600
D|542021159|10315433|2|10.3800|20.7600
D|542021159|10315621|1|10.3800|10.3800
D|542021159|10315622|2|10.3800|20.7600
D|542021159|10315623|2|10.3800|20.7600
D|542021159|10315801|1|10.3800|10.3800
D|542021159|10315802|2|10.3800|20.7600
D|542021159|10315803|2|10.3800|20.7600
D|542021160|10243031|2|51.2300|102.4600
D|542021160|10243032|2|51.2300|102.4600
D|542021160|10243033|2|51.2300|102.4600
D|542021160|10243034|2|51.2300|102.4600
D|542021160|10243621|2|51.2300|102.4600
D|542021160|10243622|2|51.2300|102.4600
D|542021160|10243623|2|51.2300|102.4600
D|542021160|10243624|2|51.2300|102.4600
D|542021160|10311031|2|57.4600|114.9200
D|542021160|10311032|2|57.4600|114.9200
D|542021160|10311033|2|57.4600|114.9200
D|542021160|10311034|2|57.4600|114.9200
D|542021160|10311621|2|57.4600|114.9200
D|542021160|10311622|2|57.4600|114.9200
D|542021160|10311623|2|57.4600|114.9200
D|542021160|10311624|2|57.4600|114.9200
D|542021160|10312031|1|62.3500|62.3500
D|542021160|10312032|1|62.3500|62.3500
D|542021160|10312033|1|62.3500|62.3500
D|542021160|10312034|1|62.3500|62.3500
D|542021160|10312621|1|62.3500|62.3500
D|542021160|10312622|1|62.3500|62.3500
D|542021160|10312623|1|62.3500|62.3500
D|542021160|10312624|1|62.3500|62.3500
D|542021161|10062015|3|32.4800|97.4400
D|542021161|10062016|3|32.4800|97.4400
D|542021161|10062035|3|32.4800|97.4400
D|542021161|10062036|3|32.4800|97.4400
D|542021161|10062805|3|32.4800|97.4400
D|542021161|10062806|3|32.4800|97.4400
D|542021161|10064011|6|7.2900|43.7400
D|542021161|10064012|6|7.2900|43.7400
D|542021161|10064013|6|7.2900|43.7400
D|542021161|10064031|6|7.2900|43.7400
D|542021161|10064032|6|7.2900|43.7400
D|542021161|10064033|6|7.2900|43.7400
D|542021161|10064801|6|7.2900|43.7400
D|542021161|10064802|6|7.2900|43.7400
D|542021161|10064803|6|7.2900|43.7400
D|542021161|10206021|6|59.1900|355.1400
D|542021161|10206022|6|59.1900|355.1400
D|542021161|10206023|6|59.1900|355.1400
D|542021161|10206024|3|59.1900|177.5700
D|542021161|10206031|6|59.1900|355.1400
D|542021161|10206032|6|59.1900|355.1400
D|542021161|10206033|6|59.1900|355.1400
D|542021161|10206034|4|59.1900|236.7600
D|542021161|10229032|2|20.0000|40.0000
D|542021161|10229621|2|20.0000|40.0000
D|542021161|10229622|2|20.0000|40.0000
D|542021161|10230032|4|18.7500|75.0000
D|542021161|10230033|2|18.7500|37.5000
D|542021161|10230622|4|18.7500|75.0000
D|542021161|10230623|4|18.7500|75.0000
D|542021161|10269022|2|32.7900|65.5800
D|542021161|10269023|2|32.7900|65.5800
D|542021161|10269024|2|32.7900|65.5800
D|542021161|10269032|2|32.7900|65.5800
D|542021161|10269033|2|32.7900|65.5800
D|542021161|10269034|2|32.7900|65.5800
D|542021161|10284031|3|52.7900|158.3700
D|542021161|10284032|4|52.7900|211.1600
D|542021161|10284033|4|52.7900|211.1600
D|542021161|10284621|4|52.7900|211.1600
D|542021161|10285031|4|47.9900|191.9600
D|542021161|10285032|4|47.9900|191.9600
D|542021161|10285033|3|47.9900|143.9700
D|542021161|10285622|4|47.9900|191.9600
D|542021161|10285624|2|47.9900|95.9800
D|542021161|10306031|6|9.3700|56.2200
D|542021161|10306032|6|9.3700|56.2200
D|542021161|10306033|6|9.3700|56.2200
D|542021161|10306801|6|9.3700|56.2200
D|542021161|10306802|6|9.3700|56.2200
D|542021161|10306803|6|9.3700|56.2200
D|542021161|10307035|3|34.9900|104.9700
D|542021161|10307036|3|34.9900|104.9700
D|542021161|10307805|3|34.9900|104.9700
D|542021161|10307806|3|34.9900|104.9700
D|542021161|10310031|6|82.1000|492.6000
D|542021161|10310032|6|82.1000|492.6000
D|542021161|10310033|6|82.1000|492.6000
D|542021161|10310034|3|82.1000|246.3000
D|542021161|10310621|6|82.1000|492.6000
D|542021161|10310622|6|82.1000|492.6000
D|542021161|10310623|6|82.1000|492.6000
D|542021161|10310624|3|82.1000|246.3000
D|542021161|10312031|6|73.0000|438.0000
D|542021161|10312032|4|73.0000|292.0000
D|542021161|10312621|6|73.0000|438.0000
D|542021161|10312622|4|73.0000|292.0000
D|542021161|10312623|4|73.0000|292.0000
D|542021161|10312624|3|73.0000|219.0000
D|542021161|10314031|6|8.1400|48.8400
D|542021161|10314032|6|8.1400|48.8400
D|542021161|10314033|6|8.1400|48.8400
D|542021161|10314801|6|8.1400|48.8400
D|542021161|10314802|6|8.1400|48.8400
D|542021161|10314803|6|8.1400|48.8400