F|2024-11-09|53
C|532022456|1012974|05|precio9|2414.58|0.0000|2414.58|434.62|2849.20|16|GENERADO|2024-11-09|53|0|0|0.0000
C|532022457|103181|05|precio9|3042.73|0.0000|3042.73|547.69|3590.42|10|GENERADO|2024-11-09|53|0|0|0.0000
C|532022458|101069|05|precio9|17459.03|0.0000|17459.03|3142.63|20601.66|25|GENERADO|2024-11-09|53|0|0|0.0000
C|532022459|1012811|05|precio9|783.91|0.0000|783.91|141.10|925.01|9|GENERADO|2024-11-09|53|0|0|0.0000
D|532022456|10026281|6|5.1300|30.7800
D|532022456|10026282|12|5.1300|61.5600
D|532022456|10026283|6|5.1300|30.7800
D|532022456|10040101|6|6.4400|38.6400
D|532022456|10040102|6|6.4400|38.6400
D|532022456|10040103|6|6.4400|38.6400
D|532022456|10040281|12|6.4400|77.2800
D|532022456|10040282|18|6.4400|115.9200
D|532022456|10040283|12|6.4400|77.2800
D|532022456|10041281|6|6.2300|37.3800
D|532022456|10041282|12|6.2300|74.7600
D|532022456|10041283|12|6.2300|74.7600
D|532022456|10064281|12|6.2300|74.7600
D|532022456|10064282|12|6.2300|74.7600
D|532022456|10064283|6|6.2300|37.3800
D|532022456|10069281|12|7.6300|91.5600
D|532022456|10069282|18|7.6300|137.3400
D|532022456|10069283|6|7.6300|45.7800
D|532022456|10140281|12|5.8300|69.9600
D|532022456|10140282|12|5.8300|69.9600
D|532022456|10140283|6|5.8300|34.9800
D|532022456|10225281|6|7.0300|42.1800
D|532022456|10225282|6|7.0300|42.1800
D|532022456|10225283|6|7.0300|42.1800
D|532022456|10273281|12|7.5600|90.7200
D|532022456|10273282|12|7.5600|90.7200
D|532022456|10273283|6|7.5600|45.3600
D|532022456|10291281|9|11.7400|105.6600
D|532022456|10291282|9|11.7400|105.6600
D|532022456|10291283|6|11.7400|70.4400
D|532022456|10296101|9|8.2700|74.4300
D|532022456|10296102|9|8.2700|74.4300
D|532022456|10296103|6|8.2700|49.6200
D|532022456|10296281|12|8.2700|99.2400
D|532022456|10296282|12|8.2700|99.2400
D|532022456|10296283|6|8.2700|49.6200
D|532022457|10026011|1|5.1300|5.1300
D|532022457|10026012|2|5.1300|10.2600
D|532022457|10026013|1|5.1300|5.1300
D|532022457|10026021|1|5.1300|5.1300
D|532022457|10026022|2|5.1300|10.2600
D|532022457|10026023|1|5.1300|5.1300
D|532022457|10026031|1|5.1300|5.1300
D|532022457|10026032|2|5.1300|10.2600
D|532022457|10026033|2|5.1300|10.2600
D|532022457|10026551|1|5.1300|5.1300
D|532022457|10026552|1|5.1300|5.1300
D|532022457|10026553|1|5.1300|5.1300
D|532022457|10026802|1|5.1300|5.1300
D|532022457|10026803|1|5.1300|5.1300
D|532022457|10040013|2|6.4400|12.8800
D|532022457|10040033|2|6.4400|12.8800
D|532022457|10040103|1|6.4400|6.4400
D|532022457|10040552|1|6.4400|6.4400
D|532022457|10040553|1|6.4400|6.4400
D|532022457|10040803|2|6.4400|12.8800
D|532022457|10054035|1|23.5200|23.5200
D|532022457|10054036|1|23.5200|23.5200
D|532022457|10054805|1|23.5200|23.5200
D|532022457|10054806|1|23.5200|23.5200
D|532022457|10071035|1|41.0100|41.0100
D|532022457|10071805|1|41.0100|41.0100
D|532022457|10140012|1|5.8300|5.8300
D|532022457|10140013|1|5.8300|5.8300
D|532022457|10140032|2|5.8300|11.6600
D|532022457|10140033|2|5.8300|11.6600
D|532022457|10140552|1|5.8300|5.8300
D|532022457|10140553|1|5.8300|5.8300
D|532022457|10140622|2|5.8300|11.6600
D|532022457|10140623|2|5.8300|11.6600
D|532022457|10140802|1|5.8300|5.8300
D|532022457|10140803|1|5.8300|5.8300
D|532022457|10155035|1|41.6200|41.6200
D|532022457|10155036|1|41.6200|41.6200
D|532022457|10155805|1|41.6200|41.6200
D|532022457|10155806|1|41.6200|41.6200
D|532022457|10156033|2|7.6500|15.3000
D|532022457|10156433|1|7.6500|7.6500
D|532022457|10156802|2|7.6500|15.3000
D|532022457|10156803|2|7.6500|15.3000
D|532022457|10185012|1|6.9400|6.9400
D|532022457|10185013|1|6.9400|6.9400
D|532022457|10185041|1|6.9400|6.9400
D|532022457|10185042|1|6.9400|6.9400
D|532022457|10185043|1|6.9400|6.9400
D|532022457|10185091|1|6.9400|6.9400
D|532022457|10185092|1|6.9400|6.9400
D|532022457|10185093|1|6.9400|6.9400
D|532022457|10185121|1|6.9400|6.9400
D|532022457|10185122|2|6.9400|13.8800
D|532022457|10185123|2|6.9400|13.8800
D|532022457|10186095|1|32.0200|32.0200
D|532022457|10186096|1|32.0200|32.0200
D|532022457|10197022|2|21.1700|42.3400
D|532022457|10197023|2|21.1700|42.3400
D|532022457|10197032|2|21.1700|42.3400
D|532022457|10197033|2|21.1700|42.3400
D|532022457|10201011|1|6.8500|6.8500
D|532022457|10201012|1|6.8500|6.8500
D|532022457|10201041|1|6.8500|6.8500
D|532022457|10201042|2|6.8500|13.7000
D|532022457|10201043|1|6.8500|6.8500
D|532022457|10201091|2|6.8500|13.7000
D|532022457|10201092|2|6.8500|13.7000
D|532022457|10201093|1|6.8500|6.8500
D|532022457|10201122|1|6.8500|6.8500
D|532022457|10201123|1|6.8500|6.8500
D|532022457|10203012|1|6.7500|6.7500
D|532022457|10203013|1|6.7500|6.7500
D|532022457|10203032|2|6.7500|13.5000
D|532022457|10203033|2|6.7500|13.5000
D|532022457|10203562|2|6.7500|13.5000
D|532022457|10203563|1|6.7500|6.7500
D|532022457|10203652|2|6.7500|13.5000
D|532022457|10203653|2|6.7500|13.5000
D|532022457|10203662|2|6.7500|13.5000
D|532022457|10203663|1|6.7500|6.7500
D|532022457|10204035|1|26.6900|26.6900
D|532022457|10204036|1|26.6900|26.6900
D|532022457|10204655|1|26.6900|26.6900
D|532022457|10204656|1|26.6900|26.6900
D|532022457|10213022|1|21.1700|21.1700
D|532022457|10213023|1|21.1700|21.1700
D|532022457|10213032|1|21.1700|21.1700
D|532022457|10213033|1|21.1700|21.1700
D|532022457|10218215|1|30.9500|30.9500
D|532022457|10218216|1|30.9500|30.9500
D|532022457|10218555|1|30.9500|30.9500
D|532022457|10218556|1|30.9500|30.9500
D|532022457|10219012|1|6.7500|6.7500
D|532022457|10219013|1|6.7500|6.7500
D|532022457|10219032|2|6.7500|13.5000
D|532022457|10219033|2|6.7500|13.5000
D|532022457|10219212|1|6.7500|6.7500
D|532022457|10219213|1|6.7500|6.7500
D|532022457|10219552|1|6.7500|6.7500
D|532022457|10219553|1|6.7500|6.7500
D|532022457|10225212|1|7.0300|7.0300
D|532022457|10225213|2|7.0300|14.0600
D|532022457|10225233|2|7.0300|14.0600
D|532022457|10225331|1|7.0300|7.0300
D|532022457|10225333|2|7.0300|14.0600
D|532022457|10229032|1|18.2900|18.2900
D|532022457|10229033|1|18.2900|18.2900
D|532022457|10229622|1|18.2900|18.2900
D|532022457|10229623|1|18.2900|18.2900
D|532022457|10230033|2|16.6000|33.2000
D|532022457|10230622|2|16.6000|33.2000
D|532022457|10230623|1|16.6000|16.6000
D|532022457|10231032|2|14.9400|29.8800
D|532022457|10231033|2|14.9400|29.8800
D|532022457|10231622|2|14.9400|29.8800
D|532022457|10231623|1|14.9400|14.9400
D|532022457|10273013|2|7.5600|15.1200
D|532022457|10273033|2|7.5600|15.1200
D|532022457|10273553|1|7.5600|7.5600
D|532022457|10293012|1|8.2700|8.2700
D|532022457|10293013|1|8.2700|8.2700
D|532022457|10293031|2|8.2700|16.5400
D|532022457|10293032|1|8.2700|8.2700
D|532022457|10293033|2|8.2700|16.5400
D|532022457|10293551|1|8.2700|8.2700
D|532022457|10293553|1|8.2700|8.2700
D|532022457|10293811|2|8.2700|16.5400
D|532022457|10293812|1|8.2700|8.2700
D|532022457|10293813|2|8.2700|16.5400
D|532022457|10296031|1|8.2700|8.2700
D|532022457|10296032|1|8.2700|8.2700
D|532022457|10296033|1|8.2700|8.2700
D|532022457|10296102|1|8.2700|8.2700
D|532022457|10296103|1|8.2700|8.2700
D|532022457|10296443|1|8.2700|8.2700
D|532022457|10296551|1|8.2700|8.2700
D|532022457|10296552|1|8.2700|8.2700
D|532022457|10296802|2|8.2700|16.5400
D|532022457|10296803|1|8.2700|8.2700
D|532022457|10304012|2|8.9700|17.9400
D|532022457|10304013|2|8.9700|17.9400
D|532022457|10304092|2|8.9700|17.9400
D|532022457|10304093|2|8.9700|17.9400
D|532022457|10304622|2|8.9700|17.9400
D|532022457|10304623|2|8.9700|17.9400
D|532022457|10306032|1|8.0100|8.0100
D|532022457|10306033|1|8.0100|8.0100
D|532022457|10306122|1|8.0100|8.0100
D|532022457|10306123|1|8.0100|8.0100
D|532022457|10306802|1|8.0100|8.0100
D|532022457|10306803|1|8.0100|8.0100
D|532022457|10307035|1|29.8900|29.8900
D|532022457|10307036|1|29.8900|29.8900
D|532022457|10313031|1|8.6200|8.6200
D|532022457|10313032|2|8.6200|17.2400
D|532022457|10313033|1|8.6200|8.6200
D|532022457|10313121|1|8.6200|8.6200
D|532022457|10313122|1|8.6200|8.6200
D|532022457|10313123|1|8.6200|8.6200
D|532022457|10313601|1|8.6200|8.6200
D|532022457|10313602|1|8.6200|8.6200
D|532022457|10313603|1|8.6200|8.6200
D|532022457|10313801|1|8.6200|8.6200
D|532022457|10313802|2|8.6200|17.2400
D|532022457|10313803|1|8.6200|8.6200
D|532022457|10314031|2|8.1400|16.2800
D|532022457|10314032|2|8.1400|16.2800
D|532022457|10314033|2|8.1400|16.2800
D|532022457|10314121|2|8.1400|16.2800
D|532022457|10314122|1|8.1400|8.1400
D|532022457|10314601|1|8.1400|8.1400
D|532022457|10314803|1|8.1400|8.1400
D|532022457|10315031|1|10.3800|10.3800
D|532022457|10315032|1|10.3800|10.3800
D|532022457|10315033|1|10.3800|10.3800
D|532022457|10315431|1|10.3800|10.3800
D|532022457|10315432|1|10.3800|10.3800
D|532022457|10315433|1|10.3800|10.3800
D|532022457|10315621|1|10.3800|10.3800
D|532022457|10315622|1|10.3800|10.3800
D|532022457|10315623|1|10.3800|10.3800
D|532022457|10315801|1|10.3800|10.3800
D|532022457|10315802|2|10.3800|20.7600
D|532022457|10315803|2|10.3800|20.7600
D|532022457|10319012|1|9.2500|9.2500
D|532022457|10319032|1|9.2500|9.2500
D|532022457|10319432|1|9.2500|9.2500
D|532022457|10319802|1|9.2500|9.2500
D|532022457|10327561|1|8.4000|8.4000
D|532022457|10327562|1|8.4000|8.4000
D|532022457|10327563|1|8.4000|8.4000
D|532022457|10327642|1|8.4000|8.4000
D|532022457|10327643|1|8.4000|8.4000
D|532022457|10327651|2|8.4000|16.8000
D|532022457|10327652|2|8.4000|16.8000
D|532022457|10327653|1|8.4000|8.4000
D|532022457|10327662|1|8.4000|8.4000
D|532022457|10327663|1|8.4000|8.4000
D|532022457|10337035|1|27.8600|27.8600
D|532022457|10337036|1|27.8600|27.8600
D|532022457|10337815|1|27.8600|27.8600
D|532022457|10337816|1|27.8600|27.8600
D|532022457|10338031|1|9.9600|9.9600
D|532022457|10338032|2|9.9600|19.9200
D|532022457|10338033|2|9.9600|19.9200
D|532022457|10338801|1|9.9600|9.9600
D|532022457|10338802|1|9.9600|9.9600
D|532022457|10338803|1|9.9600|9.9600
D|532022457|10338811|1|9.9600|9.9600
D|532022457|10338812|2|9.9600|19.9200
D|532022457|10338813|2|9.9600|19.9200
D|532022458|10026011|3|5.1300|15.3900
D|532022458|10026012|6|5.1300|30.7800
D|532022458|10026013|2|5.1300|10.2600
D|532022458|10026021|6|5.1300|30.7800
D|532022458|10026022|6|5.1300|30.7800
D|532022458|10026023|4|5.1300|20.5200
D|532022458|10026031|6|5.1300|30.7800
D|532022458|10026032|6|5.1300|30.7800
D|532022458|10026033|6|5.1300|30.7800
D|532022458|10026071|3|5.1300|15.3900
D|532022458|10026072|3|5.1300|15.3900
D|532022458|10026073|3|5.1300|15.3900
D|532022458|10026101|6|5.1300|30.7800
D|532022458|10026102|6|5.1300|30.7800
D|532022458|10026103|4|5.1300|20.5200
D|532022458|10026221|3|5.1300|15.3900
D|532022458|10026222|4|5.1300|20.5200
D|532022458|10026223|3|5.1300|15.3900
D|532022458|10026261|4|5.1300|20.5200
D|532022458|10026262|2|5.1300|10.2600
D|532022458|10026263|3|5.1300|15.3900
D|532022458|10026281|6|5.1300|30.7800
D|532022458|10026282|9|5.1300|46.1700
D|532022458|10026283|6|5.1300|30.7800
D|532022458|10026551|4|5.1300|20.5200
D|532022458|10026552|5|5.1300|25.6500
D|532022458|10026553|4|5.1300|20.5200
D|532022458|10026801|4|5.1300|20.5200
D|532022458|10026802|5|5.1300|25.6500
D|532022458|10026803|4|5.1300|20.5200
D|532022458|10029012|1|7.3400|7.3400
D|532022458|10029013|4|7.3400|29.3600
D|532022458|10029014|2|7.3400|14.6800
D|532022458|10029022|1|7.3400|7.3400
D|532022458|10029023|3|7.3400|22.0200
D|532022458|10029024|3|7.3400|22.0200
D|532022458|10029033|4|7.3400|29.3600
D|532022458|10029034|1|7.3400|7.3400
D|532022458|10029092|1|7.3400|7.3400
D|532022458|10029094|1|7.3400|7.3400
D|532022458|10040011|1|6.4400|6.4400
D|532022458|10040012|2|6.4400|12.8800
D|532022458|10040013|2|6.4400|12.8800
D|532022458|10040031|2|6.4400|12.8800
D|532022458|10040032|5|6.4400|32.2000
D|532022458|10040033|4|6.4400|25.7600
D|532022458|10040071|1|6.4400|6.4400
D|532022458|10040073|1|6.4400|6.4400
D|532022458|10040101|4|6.4400|25.7600
D|532022458|10040102|3|6.4400|19.3200
D|532022458|10040103|4|6.4400|25.7600
D|532022458|10040281|3|6.4400|19.3200
D|532022458|10040282|4|6.4400|25.7600
D|532022458|10040283|3|6.4400|19.3200
D|532022458|10040551|2|6.4400|12.8800
D|532022458|10040552|2|6.4400|12.8800
D|532022458|10040553|1|6.4400|6.4400
D|532022458|10040621|3|6.4400|19.3200
D|532022458|10040622|3|6.4400|19.3200
D|532022458|10040623|3|6.4400|19.3200
D|532022458|10040801|2|6.4400|12.8800
D|532022458|10040802|2|6.4400|12.8800
D|532022458|10040803|2|6.4400|12.8800
D|532022458|10041011|2|6.2300|12.4600
D|532022458|10041012|4|6.2300|24.9200
D|532022458|10041013|6|6.2300|37.3800
D|532022458|10041014|1|6.2300|6.2300
D|532022458|10041021|4|6.2300|24.9200
D|532022458|10041022|3|6.2300|18.6900
D|532022458|10041023|3|6.2300|18.6900
D|532022458|10041024|1|6.2300|6.2300
D|532022458|10041031|5|6.2300|31.1500
D|532022458|10041032|6|6.2300|37.3800
D|532022458|10041033|6|6.2300|37.3800
D|532022458|10041034|1|6.2300|6.2300
D|532022458|10041091|3|6.2300|18.6900
D|532022458|10041092|3|6.2300|18.6900
D|532022458|10041093|3|6.2300|18.6900
D|532022458|10041094|1|6.2300|6.2300
D|532022458|10041101|3|6.2300|18.6900
D|532022458|10041102|4|6.2300|24.9200
D|532022458|10041103|4|6.2300|24.9200
D|532022458|10041104|1|6.2300|6.2300
D|532022458|10041801|2|6.2300|12.4600
D|532022458|10041802|4|6.2300|24.9200
D|532022458|10041803|2|6.2300|12.4600
D|532022458|10041804|1|6.2300|6.2300
D|532022458|10044014|3|21.3500|64.0500
D|532022458|10044015|2|21.3500|42.7000
D|532022458|10044016|3|21.3500|64.0500
D|532022458|10044017|1|21.3500|21.3500
D|532022458|10044024|3|21.3500|64.0500
D|532022458|10044025|1|21.3500|21.3500
D|532022458|10044026|3|21.3500|64.0500
D|532022458|10044027|1|21.3500|21.3500
D|532022458|10044034|3|21.3500|64.0500
D|532022458|10044035|2|21.3500|42.7000
D|532022458|10044036|3|21.3500|64.0500
D|532022458|10044037|1|21.3500|21.3500
D|532022458|10045011|1|8.2400|8.2400
D|532022458|10045012|1|8.2400|8.2400
D|532022458|10045013|1|8.2400|8.2400
D|532022458|10045031|2|8.2400|16.4800
D|532022458|10045032|2|8.2400|16.4800
D|532022458|10045033|1|8.2400|8.2400
D|532022458|10045551|1|8.2400|8.2400
D|532022458|10045803|2|8.2400|16.4800
D|532022458|10051011|2|5.6900|11.3800
D|532022458|10051012|2|5.6900|11.3800
D|532022458|10051031|2|5.6900|11.3800
D|532022458|10051032|4|5.6900|22.7600
D|532022458|10051033|1|5.6900|5.6900
D|532022458|10051222|2|5.6900|11.3800
D|532022458|10051431|2|5.6900|11.3800
D|532022458|10051432|3|5.6900|17.0700
D|532022458|10051433|2|5.6900|11.3800
D|532022458|10051561|3|5.6900|17.0700
D|532022458|10051562|6|5.6900|34.1400
D|532022458|10051563|3|5.6900|17.0700
D|532022458|10051641|2|5.6900|11.3800
D|532022458|10051642|2|5.6900|11.3800
D|532022458|10051643|1|5.6900|5.6900
D|532022458|10051662|1|5.6900|5.6900
D|532022458|10056016|1|23.5200|23.5200
D|532022458|10056035|3|23.5200|70.5600
D|532022458|10056036|1|23.5200|23.5200
D|532022458|10056553|1|23.5200|23.5200
D|532022458|10056555|1|23.5200|23.5200
D|532022458|10056556|1|23.5200|23.5200
D|532022458|10056625|2|23.5200|47.0400
D|532022458|10056803|1|23.5200|23.5200
D|532022458|10056805|1|23.5200|23.5200
D|532022458|10056806|1|23.5200|23.5200
D|532022458|10061011|1|6.2300|6.2300
D|532022458|10061012|4|6.2300|24.9200
D|532022458|10061013|2|6.2300|12.4600
D|532022458|10061031|3|6.2300|18.6900
D|532022458|10061032|6|6.2300|37.3800
D|532022458|10061033|3|6.2300|18.6900
D|532022458|10061051|1|6.2300|6.2300
D|532022458|10061052|4|6.2300|24.9200
D|532022458|10061053|4|6.2300|24.9200
D|532022458|10061071|1|6.2300|6.2300
D|532022458|10061072|4|6.2300|24.9200
D|532022458|10061073|2|6.2300|12.4600
D|532022458|10061221|1|6.2300|6.2300
D|532022458|10061222|4|6.2300|24.9200
D|532022458|10061223|1|6.2300|6.2300
D|532022458|10061231|1|6.2300|6.2300
D|532022458|10061232|3|6.2300|18.6900
D|532022458|10061233|1|6.2300|6.2300
D|532022458|10061261|1|6.2300|6.2300
D|532022458|10061262|4|6.2300|24.9200
D|532022458|10061263|1|6.2300|6.2300
D|532022458|10062034|2|27.7400|55.4800
D|532022458|10062626|1|27.7400|27.7400
D|532022458|10062803|1|27.7400|27.7400
D|532022458|10062805|2|27.7400|55.4800
D|532022458|10064012|3|6.2300|18.6900
D|532022458|10064013|2|6.2300|12.4600
D|532022458|10064031|3|6.2300|18.6900
D|532022458|10064032|3|6.2300|18.6900
D|532022458|10064033|3|6.2300|18.6900
D|532022458|10064103|2|6.2300|12.4600
D|532022458|10064221|1|6.2300|6.2300
D|532022458|10064222|4|6.2300|24.9200
D|532022458|10064223|2|6.2300|12.4600
D|532022458|10064261|4|6.2300|24.9200
D|532022458|10064262|1|6.2300|6.2300
D|532022458|10064263|2|6.2300|12.4600
D|532022458|10064281|6|6.2300|37.3800
D|532022458|10064282|9|6.2300|56.0700
D|532022458|10064283|6|6.2300|37.3800
D|532022458|10064621|2|6.2300|12.4600
D|532022458|10064622|3|6.2300|18.6900
D|532022458|10064623|2|6.2300|12.4600
D|532022458|10064801|2|6.2300|12.4600
D|532022458|10064802|1|6.2300|6.2300
D|532022458|10064803|1|6.2300|6.2300
D|532022458|10067012|9|7.5400|67.8600
D|532022458|10067013|3|7.5400|22.6200
D|532022458|10067022|6|7.5400|45.2400
D|532022458|10067023|4|7.5400|30.1600
D|532022458|10067032|6|7.5400|45.2400
D|532022458|10067033|2|7.5400|15.0800
D|532022458|10067092|4|7.5400|30.1600
D|532022458|10067093|4|7.5400|30.1600
D|532022458|10067262|3|7.5400|22.6200
D|532022458|10067263|5|7.5400|37.7000
D|532022458|10067264|2|7.5400|15.0800
D|532022458|10069012|2|7.6300|15.2600
D|532022458|10069031|1|7.6300|7.6300
D|532022458|10069032|1|7.6300|7.6300
D|532022458|10069033|2|7.6300|15.2600
D|532022458|10069212|2|7.6300|15.2600
D|532022458|10069221|1|7.6300|7.6300
D|532022458|10069222|2|7.6300|15.2600
D|532022458|10069262|2|7.6300|15.2600
D|532022458|10069281|2|7.6300|15.2600
D|532022458|10069282|5|7.6300|38.1500
D|532022458|10069283|4|7.6300|30.5200
D|532022458|10069551|2|7.6300|15.2600
D|532022458|10069552|2|7.6300|15.2600
D|532022458|10069553|2|7.6300|15.2600
D|532022458|10069621|3|7.6300|22.8900
D|532022458|10069622|5|7.6300|38.1500
D|532022458|10069623|3|7.6300|22.8900
D|532022458|10071013|1|41.0100|41.0100
D|532022458|10071014|2|41.0100|82.0200
D|532022458|10071034|1|41.0100|41.0100
D|532022458|10071036|2|41.0100|82.0200
D|532022458|10071103|1|41.0100|41.0100
D|532022458|10071104|2|41.0100|82.0200
D|532022458|10071105|2|41.0100|82.0200
D|532022458|10071106|1|41.0100|41.0100
D|532022458|10071434|1|41.0100|41.0100
D|532022458|10071435|2|41.0100|82.0200
D|532022458|10071436|2|41.0100|82.0200
D|532022458|10071803|1|41.0100|41.0100
D|532022458|10071804|2|41.0100|82.0200
D|532022458|10071805|1|41.0100|41.0100
D|532022458|10071806|2|41.0100|82.0200
D|532022458|10089012|2|10.8600|21.7200
D|532022458|10089013|2|10.8600|21.7200
D|532022458|10089014|2|10.8600|21.7200
D|532022458|10089015|1|10.8600|10.8600
D|532022458|10089022|1|10.8600|10.8600
D|532022458|10089023|2|10.8600|21.7200
D|532022458|10089024|2|10.8600|21.7200
D|532022458|10089032|2|10.8600|21.7200
D|532022458|10089033|2|10.8600|21.7200
D|532022458|10089034|1|10.8600|10.8600
D|532022458|10089035|2|10.8600|21.7200
D|532022458|10089094|1|10.8600|10.8600
D|532022458|10089095|1|10.8600|10.8600
D|532022458|10089432|2|10.8600|21.7200
D|532022458|10089433|2|10.8600|21.7200
D|532022458|10089434|2|10.8600|21.7200
D|532022458|10112016|2|38.1400|76.2800
D|532022458|10112034|1|38.1400|38.1400
D|532022458|10112035|2|38.1400|76.2800
D|532022458|10112036|1|38.1400|38.1400
D|532022458|10112624|1|38.1400|38.1400
D|532022458|10112625|1|38.1400|38.1400
D|532022458|10112627|1|38.1400|38.1400
D|532022458|10112804|1|38.1400|38.1400
D|532022458|10112805|1|38.1400|38.1400
D|532022458|10112806|1|38.1400|38.1400
D|532022458|10116014|3|20.4700|61.4100
D|532022458|10116015|3|20.4700|61.4100
D|532022458|10116034|3|20.4700|61.4100
D|532022458|10116035|4|20.4700|81.8800
D|532022458|10116038|1|20.4700|20.4700
D|532022458|10116624|2|20.4700|40.9400
D|532022458|10116625|2|20.4700|40.9400
D|532022458|10116626|2|20.4700|40.9400
D|532022458|10116627|1|20.4700|20.4700
D|532022458|10116805|1|20.4700|20.4700
D|532022458|10116806|1|20.4700|20.4700
D|532022458|10140011|3|5.8300|17.4900
D|532022458|10140012|2|5.8300|11.6600
D|532022458|10140013|5|5.8300|29.1500
D|532022458|10140031|4|5.8300|23.3200
D|532022458|10140032|4|5.8300|23.3200
D|532022458|10140033|4|5.8300|23.3200
D|532022458|10140101|3|5.8300|17.4900
D|532022458|10140102|3|5.8300|17.4900
D|532022458|10140103|3|5.8300|17.4900
D|532022458|10140281|3|5.8300|17.4900
D|532022458|10140282|4|5.8300|23.3200
D|532022458|10140283|3|5.8300|17.4900
D|532022458|10140551|2|5.8300|11.6600
D|532022458|10140552|4|5.8300|23.3200
D|532022458|10140553|2|5.8300|11.6600
D|532022458|10140621|3|5.8300|17.4900
D|532022458|10140622|4|5.8300|23.3200
D|532022458|10140623|4|5.8300|23.3200
D|532022458|10140801|1|5.8300|5.8300
D|532022458|10140802|3|5.8300|17.4900
D|532022458|10140803|3|5.8300|17.4900
D|532022458|10152015|2|39.4900|78.9800
D|532022458|10152036|1|39.4900|39.4900
D|532022458|10152124|2|39.4900|78.9800
D|532022458|10152125|1|39.4900|39.4900
D|532022458|10152625|1|39.4900|39.4900
D|532022458|10152626|2|39.4900|78.9800
D|532022458|10153011|1|10.6700|10.6700
D|532022458|10153012|4|10.6700|42.6800
D|532022458|10153013|2|10.6700|21.3400
D|532022458|10153031|1|10.6700|10.6700
D|532022458|10153032|4|10.6700|42.6800
D|532022458|10153033|3|10.6700|32.0100
D|532022458|10153121|1|10.6700|10.6700
D|532022458|10153122|4|10.6700|42.6800
D|532022458|10153123|4|10.6700|42.6800
D|532022458|10153621|1|10.6700|10.6700
D|532022458|10153622|3|10.6700|32.0100
D|532022458|10153623|1|10.6700|10.6700
D|532022458|10156011|1|7.6500|7.6500
D|532022458|10156012|1|7.6500|7.6500
D|532022458|10156031|1|7.6500|7.6500
D|532022458|10156032|3|7.6500|22.9500
D|532022458|10156033|1|7.6500|7.6500
D|532022458|10156431|1|7.6500|7.6500
D|532022458|10156432|2|7.6500|15.3000
D|532022458|10156802|2|7.6500|15.3000
D|532022458|10165014|1|46.6100|46.6100
D|532022458|10165016|1|46.6100|46.6100
D|532022458|10165036|1|46.6100|46.6100
D|532022458|10165124|1|46.6100|46.6100
D|532022458|10165125|1|46.6100|46.6100
D|532022458|10165624|2|46.6100|93.2200
D|532022458|10165625|2|46.6100|93.2200
D|532022458|10165626|2|46.6100|93.2200
D|532022458|10165627|2|46.6100|93.2200
D|532022458|10185011|1|6.9400|6.9400
D|532022458|10185042|4|6.9400|27.7600
D|532022458|10185092|3|6.9400|20.8200
D|532022458|10185093|3|6.9400|20.8200
D|532022458|10185122|4|6.9400|27.7600
D|532022458|10185123|2|6.9400|13.8800
D|532022458|10201011|1|6.8500|6.8500
D|532022458|10201012|2|6.8500|13.7000
D|532022458|10201013|1|6.8500|6.8500
D|532022458|10201042|1|6.8500|6.8500
D|532022458|10201043|1|6.8500|6.8500
D|532022458|10201091|1|6.8500|6.8500
D|532022458|10201092|1|6.8500|6.8500
D|532022458|10201093|1|6.8500|6.8500
D|532022458|10201123|1|6.8500|6.8500
D|532022458|10205032|5|13.5600|67.8000
D|532022458|10205033|5|13.5600|67.8000
D|532022458|10205034|4|13.5600|54.2400
D|532022458|10205122|3|13.5600|40.6800
D|532022458|10205123|3|13.5600|40.6800
D|532022458|10205124|3|13.5600|40.6800
D|532022458|10205622|5|13.5600|67.8000
D|532022458|10205623|5|13.5600|67.8000
D|532022458|10205624|5|13.5600|67.8000
D|532022458|10225211|2|7.0300|14.0600
D|532022458|10225212|4|7.0300|28.1200
D|532022458|10225213|4|7.0300|28.1200
D|532022458|10225231|3|7.0300|21.0900
D|532022458|10225232|3|7.0300|21.0900
D|532022458|10225233|3|7.0300|21.0900
D|532022458|10225262|3|7.0300|21.0900
D|532022458|10225263|2|7.0300|14.0600
D|532022458|10225281|5|7.0300|35.1500
D|532022458|10225282|8|7.0300|56.2400
D|532022458|10225283|6|7.0300|42.1800
D|532022458|10225331|2|7.0300|14.0600
D|532022458|10225332|6|7.0300|42.1800
D|532022458|10225333|5|7.0300|35.1500
D|532022458|10229031|2|18.2900|36.5800
D|532022458|10229033|2|18.2900|36.5800
D|532022458|10229621|1|18.2900|18.2900
D|532022458|10229622|1|18.2900|18.2900
D|532022458|10229624|1|18.2900|18.2900
D|532022458|10229801|1|18.2900|18.2900
D|532022458|10229802|1|18.2900|18.2900
D|532022458|10229803|1|18.2900|18.2900
D|532022458|10229804|1|18.2900|18.2900
D|532022458|10243031|1|51.2300|51.2300
D|532022458|10243032|2|51.2300|102.4600
D|532022458|10243033|2|51.2300|102.4600
D|532022458|10243621|2|51.2300|102.4600
D|532022458|10243622|2|51.2300|102.4600
D|532022458|10273011|2|7.5600|15.1200
D|532022458|10273012|5|7.5600|37.8000
D|532022458|10273031|5|7.5600|37.8000
D|532022458|10273032|2|7.5600|15.1200
D|532022458|10273033|3|7.5600|22.6800
D|532022458|10273041|3|7.5600|22.6800
D|532022458|10273042|6|7.5600|45.3600
D|532022458|10273043|2|7.5600|15.1200
D|532022458|10273281|5|7.5600|37.8000
D|532022458|10273282|8|7.5600|60.4800
D|532022458|10273283|5|7.5600|37.8000
D|532022458|10273431|3|7.5600|22.6800
D|532022458|10273433|4|7.5600|30.2400
D|532022458|10273551|3|7.5600|22.6800
D|532022458|10273552|4|7.5600|30.2400
D|532022458|10273553|3|7.5600|22.6800
D|532022458|10284031|1|45.0800|45.0800
D|532022458|10284032|2|45.0800|90.1600
D|532022458|10284033|2|45.0800|90.1600
D|532022458|10284034|2|45.0800|90.1600
D|532022458|10285031|1|40.9900|40.9900
D|532022458|10285032|2|40.9900|81.9800
D|532022458|10285033|2|40.9900|81.9800
D|532022458|10288031|2|8.0100|16.0200
D|532022458|10288032|3|8.0100|24.0300
D|532022458|10288033|4|8.0100|32.0400
D|532022458|10288431|2|8.0100|16.0200
D|532022458|10288432|2|8.0100|16.0200
D|532022458|10288433|4|8.0100|32.0400
D|532022458|10288551|2|8.0100|16.0200
D|532022458|10288552|4|8.0100|32.0400
D|532022458|10288553|4|8.0100|32.0400
D|532022458|10288601|1|8.0100|8.0100
D|532022458|10288602|3|8.0100|24.0300
D|532022458|10288603|3|8.0100|24.0300
D|532022458|10288801|1|8.0100|8.0100
D|532022458|10288802|2|8.0100|16.0200
D|532022458|10288803|4|8.0100|32.0400
D|532022458|10290013|1|28.4600|28.4600
D|532022458|10290014|1|28.4600|28.4600
D|532022458|10290033|1|28.4600|28.4600
D|532022458|10290035|2|28.4600|56.9200
D|532022458|10290036|1|28.4600|28.4600
D|532022458|10290803|1|28.4600|28.4600
D|532022458|10290806|1|28.4600|28.4600
D|532022458|10291011|1|11.7400|11.7400
D|532022458|10291012|2|11.7400|23.4800
D|532022458|10291013|2|11.7400|23.4800
D|532022458|10291032|3|11.7400|35.2200
D|532022458|10291281|3|11.7400|35.2200
D|532022458|10291282|6|11.7400|70.4400
D|532022458|10291283|3|11.7400|35.2200
D|532022458|10291801|1|11.7400|11.7400
D|532022458|10291802|2|11.7400|23.4800
D|532022458|10291803|2|11.7400|23.4800
D|532022458|10291811|2|11.7400|23.4800
D|532022458|10291812|2|11.7400|23.4800
D|532022458|10291813|2|11.7400|23.4800
D|532022458|10295013|1|6.4900|6.4900
D|532022458|10295031|2|6.4900|12.9800
D|532022458|10295032|4|6.4900|25.9600
D|532022458|10295033|4|6.4900|25.9600
D|532022458|10295101|4|6.4900|25.9600
D|532022458|10295102|6|6.4900|38.9400
D|532022458|10295103|4|6.4900|25.9600
D|532022458|10295801|1|6.4900|6.4900
D|532022458|10295802|1|6.4900|6.4900
D|532022458|10295803|1|6.4900|6.4900
D|532022458|10296101|3|8.2700|24.8100
D|532022458|10296102|6|8.2700|49.6200
D|532022458|10296103|3|8.2700|24.8100
D|532022458|10296281|2|8.2700|16.5400
D|532022458|10296282|4|8.2700|33.0800
D|532022458|10296283|5|8.2700|41.3500
D|532022458|10296552|2|8.2700|16.5400
D|532022458|10297033|1|27.7500|27.7500
D|532022458|10297034|1|27.7500|27.7500
D|532022458|10297035|1|27.7500|27.7500
D|532022458|10297443|1|27.7500|27.7500
D|532022458|10297444|1|27.7500|27.7500
D|532022458|10297445|1|27.7500|27.7500
D|532022458|10297553|1|27.7500|27.7500
D|532022458|10297554|1|27.7500|27.7500
D|532022458|10297555|1|27.7500|27.7500
D|532022458|10297803|1|27.7500|27.7500
D|532022458|10297804|1|27.7500|27.7500
D|532022458|10297805|1|27.7500|27.7500
D|532022458|10300011|2|12.0100|24.0200
D|532022458|10300012|3|12.0100|36.0300
D|532022458|10300013|3|12.0100|36.0300
D|532022458|10300031|4|12.0100|48.0400
D|532022458|10300032|5|12.0100|60.0500
D|532022458|10300033|4|12.0100|48.0400
D|532022458|10300801|3|12.0100|36.0300
D|532022458|10300802|4|12.0100|48.0400
D|532022458|10300803|3|12.0100|36.0300
D|532022458|10306032|4|8.0100|32.0400
D|532022458|10306033|3|8.0100|24.0300
D|532022458|10306121|1|8.0100|8.0100
D|532022458|10306122|4|8.0100|32.0400
D|532022458|10306123|3|8.0100|24.0300
D|532022458|10306601|1|8.0100|8.0100
D|532022458|10306602|3|8.0100|24.0300
D|532022458|10306603|1|8.0100|8.0100
D|532022458|10306802|4|8.0100|32.0400
D|532022458|10306803|3|8.0100|24.0300
D|532022458|10307034|1|29.8900|29.8900
D|532022458|10307035|2|29.8900|59.7800
D|532022458|10307036|2|29.8900|59.7800
D|532022458|10307123|1|29.8900|29.8900
D|532022458|10307124|1|29.8900|29.8900
D|532022458|10307125|1|29.8900|29.8900
D|532022458|10307126|1|29.8900|29.8900
D|532022458|10307603|1|29.8900|29.8900
D|532022458|10307604|1|29.8900|29.8900
D|532022458|10307605|1|29.8900|29.8900
D|532022458|10307606|1|29.8900|29.8900
D|532022458|10307803|1|29.8900|29.8900
D|532022458|10307804|1|29.8900|29.8900
D|532022458|10307805|1|29.8900|29.8900
D|532022458|10307806|1|29.8900|29.8900
D|532022458|10313031|1|8.6200|8.6200
D|532022458|10313032|2|8.6200|17.2400
D|532022458|10313033|2|8.6200|17.2400
D|532022458|10313121|1|8.6200|8.6200
D|532022458|10313122|3|8.6200|25.8600
D|532022458|10313123|3|8.6200|25.8600
D|532022458|10313601|2|8.6200|17.2400
D|532022458|10313602|2|8.6200|17.2400
D|532022458|10313603|2|8.6200|17.2400
D|532022458|10313802|3|8.6200|25.8600
D|532022458|10313803|3|8.6200|25.8600
D|532022458|10314031|2|8.1400|16.2800
D|532022458|10314032|2|8.1400|16.2800
D|532022458|10314033|2|8.1400|16.2800
D|532022458|10314121|2|8.1400|16.2800
D|532022458|10314122|2|8.1400|16.2800
D|532022458|10314123|2|8.1400|16.2800
D|532022458|10314601|2|8.1400|16.2800
D|532022458|10314602|2|8.1400|16.2800
D|532022458|10314603|2|8.1400|16.2800
D|532022458|10314801|2|8.1400|16.2800
D|532022458|10314802|2|8.1400|16.2800
D|532022458|10314803|2|8.1400|16.2800
D|532022458|10315011|1|10.3800|10.3800
D|532022458|10315013|1|10.3800|10.3800
D|532022458|10315431|1|10.3800|10.3800
D|532022458|10315432|1|10.3800|10.3800
D|532022458|10315433|2|10.3800|20.7600
D|532022458|10315621|1|10.3800|10.3800
D|532022458|10315622|2|10.3800|20.7600
D|532022458|10315801|1|10.3800|10.3800
D|532022458|10315802|2|10.3800|20.7600
D|532022458|10315803|1|10.3800|10.3800
D|532022458|10318012|1|9.4600|9.4600
D|532022458|10318092|1|9.4600|9.4600
D|532022458|10318093|2|9.4600|18.9200
D|532022458|10318621|1|9.4600|9.4600
D|532022458|10318622|1|9.4600|9.4600
D|532022458|10318623|2|9.4600|18.9200
D|532022458|10321011|1|8.1200|8.1200
D|532022458|10321012|1|8.1200|8.1200
D|532022458|10321013|1|8.1200|8.1200
D|532022458|10321031|2|8.1200|16.2400
D|532022458|10321032|1|8.1200|8.1200
D|532022458|10321033|2|8.1200|16.2400
D|532022458|10321801|1|8.1200|8.1200
D|532022458|10321802|2|8.1200|16.2400
D|532022458|10327561|2|8.4000|16.8000
D|532022458|10327562|3|8.4000|25.2000
D|532022458|10327563|2|8.4000|16.8000
D|532022458|10327641|2|8.4000|16.8000
D|532022458|10327642|3|8.4000|25.2000
D|532022458|10327643|2|8.4000|16.8000
D|532022458|10327651|3|8.4000|25.2000
D|532022458|10327652|4|8.4000|33.6000
D|532022458|10327653|3|8.4000|25.2000
D|532022458|10327661|3|8.4000|25.2000
D|532022458|10327662|4|8.4000|33.6000
D|532022458|10327663|3|8.4000|25.2000
D|532022458|10330011|2|12.1400|24.2800
D|532022458|10330012|2|12.1400|24.2800
D|532022458|10330013|2|12.1400|24.2800
D|532022458|10330031|2|12.1400|24.2800
D|532022458|10330032|3|12.1400|36.4200
D|532022458|10330033|3|12.1400|36.4200
D|532022458|10330431|2|12.1400|24.2800
D|532022458|10330432|2|12.1400|24.2800
D|532022458|10330433|2|12.1400|24.2800
D|532022458|10330621|2|12.1400|24.2800
D|532022458|10330622|3|12.1400|36.4200
D|532022458|10330623|3|12.1400|36.4200
D|532022458|10330801|2|12.1400|24.2800
D|532022458|10330802|2|12.1400|24.2800
D|532022458|10330803|2|12.1400|24.2800
D|532022458|10332013|1|16.4500|16.4500
D|532022458|10332014|1|16.4500|16.4500
D|532022458|10332015|1|16.4500|16.4500
D|532022458|10332016|1|16.4500|16.4500
D|532022458|10332033|1|16.4500|16.4500
D|532022458|10332034|2|16.4500|32.9000
D|532022458|10332035|2|16.4500|32.9000
D|532022458|10332036|2|16.4500|32.9000
D|532022458|10332623|1|16.4500|16.4500
D|532022458|10332624|1|16.4500|16.4500
D|532022458|10332625|2|16.4500|32.9000
D|532022458|10332626|2|16.4500|32.9000
D|532022458|10333014|2|0.0000|0.0000
D|532022458|10333015|2|0.0000|0.0000
D|532022458|10333016|2|0.0000|0.0000
D|532022458|10333017|1|0.0000|0.0000
D|532022458|10333034|2|0.0000|0.0000
D|532022458|10333035|2|0.0000|0.0000
D|532022458|10333036|2|0.0000|0.0000
D|532022458|10333037|1|0.0000|0.0000
D|532022458|10333624|2|0.0000|0.0000
D|532022458|10333625|2|0.0000|0.0000
D|532022458|10333626|2|0.0000|0.0000
D|532022458|10333627|1|0.0000|0.0000
D|532022458|10334011|1|10.4500|10.4500
D|532022458|10334012|2|10.4500|20.9000
D|532022458|10334013|1|10.4500|10.4500
D|532022458|10334014|3|10.4500|31.3500
D|532022458|10334031|3|10.4500|31.3500
D|532022458|10334032|2|10.4500|20.9000
D|532022458|10334033|2|10.4500|20.9000
D|532022458|10334034|1|10.4500|10.4500
D|532022458|10334621|3|10.4500|31.3500
D|532022458|10334622|2|10.4500|20.9000
D|532022458|10334623|2|10.4500|20.9000
D|532022458|10334624|3|10.4500|31.3500
D|532022458|10337013|1|27.8600|27.8600
D|532022458|10337014|1|27.8600|27.8600
D|532022458|10337015|1|27.8600|27.8600
D|532022458|10337016|1|27.8600|27.8600
D|532022458|10337035|3|27.8600|83.5800
D|532022458|10337036|3|27.8600|83.5800
D|532022458|10337805|2|27.8600|55.7200
D|532022458|10337806|1|27.8600|27.8600
D|532022458|10337813|1|27.8600|27.8600
D|532022458|10337814|1|27.8600|27.8600
D|532022458|10337815|2|27.8600|55.7200
D|532022458|10337816|1|27.8600|27.8600
D|532022458|10338011|1|9.9600|9.9600
D|532022458|10338012|1|9.9600|9.9600
D|532022458|10338013|1|9.9600|9.9600
D|532022458|10338031|1|9.9600|9.9600
D|532022458|10338032|2|9.9600|19.9200
D|532022458|10338033|2|9.9600|19.9200
D|532022458|10338801|1|9.9600|9.9600
D|532022458|10338803|1|9.9600|9.9600
D|532022458|10338811|3|9.9600|29.8800
D|532022458|10338812|6|9.9600|59.7600
D|532022458|10338813|3|9.9600|29.8800
D|532022458|10355031|2|26.2700|52.5400
D|532022458|10355032|3|26.2700|78.8100
D|532022458|10355033|2|26.2700|52.5400
D|532022458|10355034|2|26.2700|52.5400
D|532022458|10355621|2|26.2700|52.5400
D|532022458|10355622|3|26.2700|78.8100
D|532022458|10355623|3|26.2700|78.8100
D|532022458|10355624|2|26.2700|52.5400
D|532022458|10355801|1|26.2700|26.2700
D|532022458|10355802|1|26.2700|26.2700
D|532022458|10355803|1|26.2700|26.2700
D|532022458|10355804|1|26.2700|26.2700
D|532022458|10357031|1|62.7100|62.7100
D|532022458|10357032|1|62.7100|62.7100
D|532022458|10357033|1|62.7100|62.7100
D|532022458|10357621|1|62.7100|62.7100
D|532022458|10357622|1|62.7100|62.7100
D|532022458|10357623|1|62.7100|62.7100
D|532022459|10044025|1|21.3500|21.3500
D|532022459|10044026|1|21.3500|21.3500
D|532022459|10188013|2|5.7100|11.4200
D|532022459|10188033|2|5.7100|11.4200
D|532022459|10218033|1|30.9500|30.9500
D|532022459|10273012|1|7.5600|7.5600
D|532022459|10273013|1|7.5600|7.5600
D|532022459|10273032|1|7.5600|7.5600
D|532022459|10273033|2|7.5600|15.1200
D|532022459|10273042|1|7.5600|7.5600
D|532022459|10273043|2|7.5600|15.1200
D|532022459|10273431|1|7.5600|7.5600
D|532022459|10273432|1|7.5600|7.5600
D|532022459|10273433|2|7.5600|15.1200
D|532022459|10273552|1|7.5600|7.5600
D|532022459|10273553|1|7.5600|7.5600
D|532022459|10276013|1|7.2100|7.2100
D|532022459|10276092|1|7.2100|7.2100
D|532022459|10276621|1|7.2100|7.2100
D|532022459|10276623|1|7.2100|7.2100
D|532022459|10288011|2|8.0100|16.0200
D|532022459|10288012|4|8.0100|32.0400
D|532022459|10288013|2|8.0100|16.0200
D|532022459|10288031|2|8.0100|16.0200
D|532022459|10288032|4|8.0100|32.0400
D|532022459|10288033|2|8.0100|16.0200
D|532022459|10288431|2|8.0100|16.0200
D|532022459|10288432|3|8.0100|24.0300
D|532022459|10288433|2|8.0100|16.0200
D|532022459|10288551|2|8.0100|16.0200
D|532022459|10288552|3|8.0100|24.0300
D|532022459|10288553|2|8.0100|16.0200
D|532022459|10288601|2|8.0100|16.0200
D|532022459|10288602|3|8.0100|24.0300
D|532022459|10288603|2|8.0100|16.0200
D|532022459|10288801|2|8.0100|16.0200
D|532022459|10288802|3|8.0100|24.0300
D|532022459|10288803|2|8.0100|16.0200
D|532022459|10290014|1|28.4600|28.4600
D|532022459|10290034|1|28.4600|28.4600
D|532022459|10290803|1|28.4600|28.4600
D|532022459|10311622|1|57.4600|57.4600
D|532022459|10311623|1|57.4600|57.4600