F|2024-11-08|53
C|532022445|1011792|05|precio9|4779.52|0.0000|4779.52|860.31|5639.83|23|GENERADO|2024-11-08|53|0|0|0.0000
C|532022446|101010|05|precio9|7428.02|0.0000|7428.02|1337.04|8765.06|10|GENERADO|2024-11-08|53|0|0|0.0000
C|532022447|100837|05|precio9|3296.64|0.0000|3296.64|593.40|3890.04|19|GENERADO|2024-11-08|53|0|0|0.0000
C|532022448|1012634|05|precio9|1870.24|0.0000|1870.24|336.64|2206.88|17|GENERADO|2024-11-08|53|0|0|0.0000
C|532022449|1012767|05|precio9|32256.24|0.0000|32256.24|5806.12|38062.36|11|GENERADO|2024-11-08|53|0|0|0.0000
C|532022450|100032|05|precio9|2481.42|0.0000|2481.42|446.66|2928.08|11|GENERADO|2024-11-08|53|0|0|0.0000
C|532022451|1012897|05|precio9|3438.89|0.0000|3438.89|619.00|4057.89|9|GENERADO|2024-11-08|53|0|0|0.0000
C|532022452|1011809|05|precio9|19430.82|0.0000|19430.82|3497.55|22928.37|54|GENERADO|2024-11-08|53|0|0|0.0000
C|532022453|1012554|05|precio9|5310.12|0.0000|5310.12|955.82|6265.94|24|GENERADO|2024-11-08|53|0|0|0.0000
C|532022454|102482|05|precio9|4238.28|0.0000|4238.28|762.89|5001.17|62|GENERADO|2024-11-08|53|0|0|0.0000
C|532022455|1012974|05|precio9|28220.08|0.0000|28220.08|5079.61|33299.69|25|GENERADO|2024-11-08|53|0|0|0.0000
D|532022445|10010013|2|5.3200|10.6400
D|532022445|10010031|2|5.3200|10.6400
D|532022445|10010033|3|5.3200|15.9600
D|532022445|10010041|2|5.3200|10.6400
D|532022445|10010042|3|5.3200|15.9600
D|532022445|10010043|3|5.3200|15.9600
D|532022445|10010261|1|5.3200|5.3200
D|532022445|10010262|1|5.3200|5.3200
D|532022445|10010263|1|5.3200|5.3200
D|532022445|10010291|1|5.3200|5.3200
D|532022445|10010292|3|5.3200|15.9600
D|532022445|10010293|3|5.3200|15.9600
D|532022445|10010621|1|5.3200|5.3200
D|532022445|10010622|3|5.3200|15.9600
D|532022445|10026011|2|5.1300|10.2600
D|532022445|10026012|4|5.1300|20.5200
D|532022445|10026013|4|5.1300|20.5200
D|532022445|10026021|2|5.1300|10.2600
D|532022445|10026022|3|5.1300|15.3900
D|532022445|10026023|3|5.1300|15.3900
D|532022445|10026031|2|5.1300|10.2600
D|532022445|10026032|4|5.1300|20.5200
D|532022445|10026033|4|5.1300|20.5200
D|532022445|10026101|2|5.1300|10.2600
D|532022445|10026102|4|5.1300|20.5200
D|532022445|10026103|4|5.1300|20.5200
D|532022445|10045031|2|8.2400|16.4800
D|532022445|10045032|2|8.2400|16.4800
D|532022445|10045033|3|8.2400|24.7200
D|532022445|10045552|2|8.2400|16.4800
D|532022445|10045801|2|8.2400|16.4800
D|532022445|10045802|3|8.2400|24.7200
D|532022445|10045803|3|8.2400|24.7200
D|532022445|10056014|1|23.5200|23.5200
D|532022445|10056015|1|23.5200|23.5200
D|532022445|10056016|1|23.5200|23.5200
D|532022445|10056034|2|23.5200|47.0400
D|532022445|10056035|2|23.5200|47.0400
D|532022445|10056036|2|23.5200|47.0400
D|532022445|10056624|1|23.5200|23.5200
D|532022445|10056625|1|23.5200|23.5200
D|532022445|10056626|1|23.5200|23.5200
D|532022445|10056804|1|23.5200|23.5200
D|532022445|10056805|1|23.5200|23.5200
D|532022445|10056806|1|23.5200|23.5200
D|532022445|10060011|2|8.5500|17.1000
D|532022445|10060012|3|8.5500|25.6500
D|532022445|10060021|2|8.5500|17.1000
D|532022445|10060022|2|8.5500|17.1000
D|532022445|10060023|2|8.5500|17.1000
D|532022445|10060024|2|8.5500|17.1000
D|532022445|10060031|2|8.5500|17.1000
D|532022445|10060032|3|8.5500|25.6500
D|532022445|10060033|4|8.5500|34.2000
D|532022445|10060034|3|8.5500|25.6500
D|532022445|10060291|2|8.5500|17.1000
D|532022445|10060292|2|8.5500|17.1000
D|532022445|10060294|2|8.5500|17.1000
D|532022445|10089012|3|10.8600|32.5800
D|532022445|10089013|3|10.8600|32.5800
D|532022445|10089022|2|10.8600|21.7200
D|532022445|10089023|3|10.8600|32.5800
D|532022445|10089032|3|10.8600|32.5800
D|532022445|10089033|4|10.8600|43.4400
D|532022445|10089092|2|10.8600|21.7200
D|532022445|10089093|3|10.8600|32.5800
D|532022445|10089094|2|10.8600|21.7200
D|532022445|10089432|2|10.8600|21.7200
D|532022445|10089433|3|10.8600|32.5800
D|532022445|10089435|2|10.8600|21.7200
D|532022445|10112015|2|38.1400|76.2800
D|532022445|10112016|2|38.1400|76.2800
D|532022445|10112017|1|38.1400|38.1400
D|532022445|10112035|2|38.1400|76.2800
D|532022445|10112036|2|38.1400|76.2800
D|532022445|10112037|2|38.1400|76.2800
D|532022445|10112625|1|38.1400|38.1400
D|532022445|10112626|2|38.1400|76.2800
D|532022445|10112627|2|38.1400|76.2800
D|532022445|10112805|2|38.1400|76.2800
D|532022445|10112806|2|38.1400|76.2800
D|532022445|10112807|2|38.1400|76.2800
D|532022445|10116014|1|20.4700|20.4700
D|532022445|10116015|1|20.4700|20.4700
D|532022445|10116016|1|20.4700|20.4700
D|532022445|10116017|1|20.4700|20.4700
D|532022445|10116035|2|20.4700|40.9400
D|532022445|10116036|2|20.4700|40.9400
D|532022445|10116037|2|20.4700|40.9400
D|532022445|10116038|2|20.4700|40.9400
D|532022445|10116625|2|20.4700|40.9400
D|532022445|10116626|2|20.4700|40.9400
D|532022445|10116627|2|20.4700|40.9400
D|532022445|10197022|4|21.1700|84.6800
D|532022445|10197023|4|21.1700|84.6800
D|532022445|10197024|4|21.1700|84.6800
D|532022445|10197032|4|21.1700|84.6800
D|532022445|10197033|4|21.1700|84.6800
D|532022445|10197034|4|21.1700|84.6800
D|532022445|10203011|2|6.7500|13.5000
D|532022445|10203012|2|6.7500|13.5000
D|532022445|10203013|2|6.7500|13.5000
D|532022445|10203031|4|6.7500|27.0000
D|532022445|10203032|4|6.7500|27.0000
D|532022445|10203033|2|6.7500|13.5000
D|532022445|10203561|2|6.7500|13.5000
D|532022445|10203562|2|6.7500|13.5000
D|532022445|10203563|2|6.7500|13.5000
D|532022445|10203651|2|6.7500|13.5000
D|532022445|10203652|2|6.7500|13.5000
D|532022445|10203653|2|6.7500|13.5000
D|532022445|10203661|2|6.7500|13.5000
D|532022445|10203662|2|6.7500|13.5000
D|532022445|10203663|2|6.7500|13.5000
D|532022445|10206022|2|50.5500|101.1000
D|532022445|10206023|2|50.5500|101.1000
D|532022445|10206024|2|50.5500|101.1000
D|532022445|10206032|1|50.5500|50.5500
D|532022445|10206033|1|50.5500|50.5500
D|532022445|10206034|1|50.5500|50.5500
D|532022445|10273011|2|7.5600|15.1200
D|532022445|10273012|3|7.5600|22.6800
D|532022445|10273013|3|7.5600|22.6800
D|532022445|10273031|2|7.5600|15.1200
D|532022445|10273032|3|7.5600|22.6800
D|532022445|10273033|3|7.5600|22.6800
D|532022445|10273041|2|7.5600|15.1200
D|532022445|10273042|3|7.5600|22.6800
D|532022445|10273043|3|7.5600|22.6800
D|532022445|10273431|2|7.5600|15.1200
D|532022445|10273432|3|7.5600|22.6800
D|532022445|10273433|3|7.5600|22.6800
D|532022445|10273551|2|7.5600|15.1200
D|532022445|10273552|3|7.5600|22.6800
D|532022445|10273553|3|7.5600|22.6800
D|532022445|10289013|2|6.9400|13.8800
D|532022445|10289032|3|6.9400|20.8200
D|532022445|10289262|3|6.9400|20.8200
D|532022445|10289263|3|6.9400|20.8200
D|532022445|10289602|2|6.9400|13.8800
D|532022445|10306031|2|8.0100|16.0200
D|532022445|10306032|3|8.0100|24.0300
D|532022445|10306033|3|8.0100|24.0300
D|532022445|10306121|2|8.0100|16.0200
D|532022445|10306122|3|8.0100|24.0300
D|532022445|10306123|3|8.0100|24.0300
D|532022445|10306601|2|8.0100|16.0200
D|532022445|10306602|3|8.0100|24.0300
D|532022445|10306603|3|8.0100|24.0300
D|532022445|10306801|2|8.0100|16.0200
D|532022445|10306802|3|8.0100|24.0300
D|532022445|10306803|3|8.0100|24.0300
D|532022445|10313031|2|8.6200|17.2400
D|532022445|10313032|3|8.6200|25.8600
D|532022445|10313033|3|8.6200|25.8600
D|532022445|10313121|2|8.6200|17.2400
D|532022445|10313122|3|8.6200|25.8600
D|532022445|10313123|3|8.6200|25.8600
D|532022445|10313601|2|8.6200|17.2400
D|532022445|10313602|3|8.6200|25.8600
D|532022445|10313603|3|8.6200|25.8600
D|532022445|10313801|2|8.6200|17.2400
D|532022445|10313802|3|8.6200|25.8600
D|532022445|10313803|3|8.6200|25.8600
D|532022446|10010012|6|5.3200|31.9200
D|532022446|10010032|6|5.3200|31.9200
D|532022446|10010042|6|5.3200|31.9200
D|532022446|10010043|3|5.3200|15.9600
D|532022446|10010262|3|5.3200|15.9600
D|532022446|10010292|3|5.3200|15.9600
D|532022446|10010622|4|5.3200|21.2800
D|532022446|10026012|8|5.1300|41.0400
D|532022446|10026013|3|5.1300|15.3900
D|532022446|10026022|6|5.1300|30.7800
D|532022446|10026023|6|5.1300|30.7800
D|532022446|10026032|8|5.1300|41.0400
D|532022446|10026033|6|5.1300|30.7800
D|532022446|10026102|8|5.1300|41.0400
D|532022446|10026103|3|5.1300|15.3900
D|532022446|10026552|4|5.1300|20.5200
D|532022446|10026553|4|5.1300|20.5200
D|532022446|10026802|3|5.1300|15.3900
D|532022446|10026803|3|5.1300|15.3900
D|532022446|10029013|12|7.3400|88.0800
D|532022446|10029014|12|7.3400|88.0800
D|532022446|10029022|3|7.3400|22.0200
D|532022446|10029023|12|7.3400|88.0800
D|532022446|10029024|12|7.3400|88.0800
D|532022446|10029033|12|7.3400|88.0800
D|532022446|10029034|12|7.3400|88.0800
D|532022446|10029092|6|7.3400|44.0400
D|532022446|10029093|3|7.3400|22.0200
D|532022446|10029094|8|7.3400|58.7200
D|532022446|10040011|4|6.4400|25.7600
D|532022446|10040012|4|6.4400|25.7600
D|532022446|10040013|4|6.4400|25.7600
D|532022446|10040032|18|6.4400|115.9200
D|532022446|10040033|12|6.4400|77.2800
D|532022446|10040101|3|6.4400|19.3200
D|532022446|10040102|12|6.4400|77.2800
D|532022446|10040103|4|6.4400|25.7600
D|532022446|10040282|12|6.4400|77.2800
D|532022446|10040551|4|6.4400|25.7600
D|532022446|10040552|6|6.4400|38.6400
D|532022446|10040553|3|6.4400|19.3200
D|532022446|10040621|4|6.4400|25.7600
D|532022446|10040623|6|6.4400|38.6400
D|532022446|10040801|3|6.4400|19.3200
D|532022446|10040802|6|6.4400|38.6400
D|532022446|10040803|4|6.4400|25.7600
D|532022446|10060011|3|8.5500|25.6500
D|532022446|10060012|6|8.5500|51.3000
D|532022446|10060013|12|8.5500|102.6000
D|532022446|10060014|8|8.5500|68.4000
D|532022446|10060022|12|8.5500|102.6000
D|532022446|10060023|12|8.5500|102.6000
D|532022446|10060024|12|8.5500|102.6000
D|532022446|10060031|3|8.5500|25.6500
D|532022446|10060032|6|8.5500|51.3000
D|532022446|10060033|12|8.5500|102.6000
D|532022446|10060034|8|8.5500|68.4000
D|532022446|10060292|4|8.5500|34.2000
D|532022446|10060293|8|8.5500|68.4000
D|532022446|10060294|8|8.5500|68.4000
D|532022446|10089012|8|10.8600|86.8800
D|532022446|10089013|9|10.8600|97.7400
D|532022446|10089014|6|10.8600|65.1600
D|532022446|10089022|8|10.8600|86.8800
D|532022446|10089023|10|10.8600|108.6000
D|532022446|10089024|6|10.8600|65.1600
D|532022446|10089025|6|10.8600|65.1600
D|532022446|10089032|3|10.8600|32.5800
D|532022446|10089033|9|10.8600|97.7400
D|532022446|10089034|6|10.8600|65.1600
D|532022446|10089035|6|10.8600|65.1600
D|532022446|10089092|2|10.8600|21.7200
D|532022446|10089094|4|10.8600|43.4400
D|532022446|10089432|3|10.8600|32.5800
D|532022446|10089433|4|10.8600|43.4400
D|532022446|10089434|6|10.8600|65.1600
D|532022446|10089435|3|10.8600|32.5800
D|532022446|10140012|6|5.8300|34.9800
D|532022446|10140032|6|5.8300|34.9800
D|532022446|10140033|6|5.8300|34.9800
D|532022446|10140102|3|5.8300|17.4900
D|532022446|10140103|4|5.8300|23.3200
D|532022446|10140552|6|5.8300|34.9800
D|532022446|10140622|6|5.8300|34.9800
D|532022446|10140802|3|5.8300|17.4900
D|532022446|10185012|4|6.9400|27.7600
D|532022446|10185013|5|6.9400|34.7000
D|532022446|10185042|4|6.9400|27.7600
D|532022446|10185043|4|6.9400|27.7600
D|532022446|10185092|4|6.9400|27.7600
D|532022446|10185093|5|6.9400|34.7000
D|532022446|10185122|3|6.9400|20.8200
D|532022446|10185123|5|6.9400|34.7000
D|532022446|10200011|6|7.2100|43.2600
D|532022446|10200012|10|7.2100|72.1000
D|532022446|10200013|8|7.2100|57.6800
D|532022446|10200031|6|7.2100|43.2600
D|532022446|10200032|10|7.2100|72.1000
D|532022446|10200033|6|7.2100|43.2600
D|532022446|10200051|6|7.2100|43.2600
D|532022446|10200052|6|7.2100|43.2600
D|532022446|10200053|5|7.2100|36.0500
D|532022446|10200091|6|7.2100|43.2600
D|532022446|10200092|10|7.2100|72.1000
D|532022446|10200093|8|7.2100|57.6800
D|532022446|10200181|6|7.2100|43.2600
D|532022446|10200182|6|7.2100|43.2600
D|532022446|10200183|6|7.2100|43.2600
D|532022446|10200431|6|7.2100|43.2600
D|532022446|10200432|10|7.2100|72.1000
D|532022446|10200433|8|7.2100|57.6800
D|532022446|10201012|4|6.8500|27.4000
D|532022446|10201013|4|6.8500|27.4000
D|532022446|10201042|6|6.8500|41.1000
D|532022446|10201043|4|6.8500|27.4000
D|532022446|10201092|6|6.8500|41.1000
D|532022446|10201093|6|6.8500|41.1000
D|532022446|10201122|4|6.8500|27.4000
D|532022446|10201123|6|6.8500|41.1000
D|532022446|10211562|4|6.1300|24.5200
D|532022446|10211652|6|6.1300|36.7800
D|532022446|10211653|3|6.1300|18.3900
D|532022446|10211662|3|6.1300|18.3900
D|532022446|10273011|6|7.5600|45.3600
D|532022446|10273012|6|7.5600|45.3600
D|532022446|10273013|8|7.5600|60.4800
D|532022446|10273031|4|7.5600|30.2400
D|532022446|10273032|10|7.5600|75.6000
D|532022446|10273033|8|7.5600|60.4800
D|532022446|10273041|6|7.5600|45.3600
D|532022446|10273042|10|7.5600|75.6000
D|532022446|10273043|10|7.5600|75.6000
D|532022446|10273431|6|7.5600|45.3600
D|532022446|10273432|10|7.5600|75.6000
D|532022446|10273433|10|7.5600|75.6000
D|532022446|10273551|4|7.5600|30.2400
D|532022446|10273552|10|7.5600|75.6000
D|532022446|10273553|3|7.5600|22.6800
D|532022446|10298012|8|7.9200|63.3600
D|532022446|10298013|4|7.9200|31.6800
D|532022446|10298031|3|7.9200|23.7600
D|532022446|10298032|8|7.9200|63.3600
D|532022446|10298033|4|7.9200|31.6800
D|532022446|10298551|2|7.9200|15.8400
D|532022446|10298552|8|7.9200|63.3600
D|532022446|10298553|4|7.9200|31.6800
D|532022446|10298811|4|7.9200|31.6800
D|532022446|10298812|10|7.9200|79.2000
D|532022446|10298813|8|7.9200|63.3600
D|532022446|10306032|4|8.0100|32.0400
D|532022446|10306033|9|8.0100|72.0900
D|532022446|10306122|4|8.0100|32.0400
D|532022446|10306123|9|8.0100|72.0900
D|532022446|10306602|6|8.0100|48.0600
D|532022446|10306603|6|8.0100|48.0600
D|532022446|10306802|4|8.0100|32.0400
D|532022446|10306803|9|8.0100|72.0900
D|532022447|10040011|2|6.4400|12.8800
D|532022447|10040012|4|6.4400|25.7600
D|532022447|10040032|6|6.4400|38.6400
D|532022447|10040072|2|6.4400|12.8800
D|532022447|10040102|6|6.4400|38.6400
D|532022447|10040222|2|6.4400|12.8800
D|532022447|10040262|3|6.4400|19.3200
D|532022447|10040281|4|6.4400|25.7600
D|532022447|10040282|4|6.4400|25.7600
D|532022447|10040283|3|6.4400|19.3200
D|532022447|10040552|3|6.4400|19.3200
D|532022447|10040622|4|6.4400|25.7600
D|532022447|10040802|3|6.4400|19.3200
D|532022447|10069012|3|7.6300|22.8900
D|532022447|10069013|2|7.6300|15.2600
D|532022447|10069032|3|7.6300|22.8900
D|532022447|10069033|3|7.6300|22.8900
D|532022447|10069212|3|7.6300|22.8900
D|532022447|10069213|2|7.6300|15.2600
D|532022447|10069281|3|7.6300|22.8900
D|532022447|10069282|4|7.6300|30.5200
D|532022447|10069283|4|7.6300|30.5200
D|532022447|10069551|3|7.6300|22.8900
D|532022447|10069552|3|7.6300|22.8900
D|532022447|10069553|3|7.6300|22.8900
D|532022447|10069621|3|7.6300|22.8900
D|532022447|10069622|3|7.6300|22.8900
D|532022447|10069623|4|7.6300|30.5200
D|532022447|10112015|3|38.1400|114.4200
D|532022447|10112016|2|38.1400|76.2800
D|532022447|10112035|3|38.1400|114.4200
D|532022447|10112624|1|38.1400|38.1400
D|532022447|10112625|3|38.1400|114.4200
D|532022447|10112626|2|38.1400|76.2800
D|532022447|10112627|2|38.1400|76.2800
D|532022447|10112805|2|38.1400|76.2800
D|532022447|10165015|2|46.6100|93.2200
D|532022447|10165016|2|46.6100|93.2200
D|532022447|10165035|2|46.6100|93.2200
D|532022447|10165624|1|46.6100|46.6100
D|532022447|10165625|1|46.6100|46.6100
D|532022447|10165626|1|46.6100|46.6100
D|532022447|10294014|2|41.6200|83.2400
D|532022447|10294015|1|41.6200|41.6200
D|532022447|10294034|2|41.6200|83.2400
D|532022447|10294035|2|41.6200|83.2400
D|532022447|10294554|1|41.6200|41.6200
D|532022447|10294555|1|41.6200|41.6200
D|532022447|10294815|2|41.6200|83.2400
D|532022447|10296033|3|8.2700|24.8100
D|532022447|10296101|3|8.2700|24.8100
D|532022447|10296102|3|8.2700|24.8100
D|532022447|10296103|3|8.2700|24.8100
D|532022447|10296281|3|8.2700|24.8100
D|532022447|10296282|3|8.2700|24.8100
D|532022447|10296283|3|8.2700|24.8100
D|532022447|10296442|2|8.2700|16.5400
D|532022447|10296443|2|8.2700|16.5400
D|532022447|10296552|3|8.2700|24.8100
D|532022447|10296553|3|8.2700|24.8100
D|532022447|10296802|3|8.2700|24.8100
D|532022447|10296803|3|8.2700|24.8100
D|532022447|10359014|2|38.9800|77.9600
D|532022447|10359015|2|38.9800|77.9600
D|532022447|10359016|1|38.9800|38.9800
D|532022447|10359034|3|38.9800|116.9400
D|532022447|10359035|2|38.9800|77.9600
D|532022447|10359036|1|38.9800|38.9800
D|532022447|10359624|3|38.9800|116.9400
D|532022447|10359625|3|38.9800|116.9400
D|532022447|10359626|1|38.9800|38.9800
D|532022447|10359804|1|38.9800|38.9800
D|532022447|10359805|1|38.9800|38.9800
D|532022448|10026281|12|5.1300|61.5600
D|532022448|10026282|5|5.1300|25.6500
D|532022448|10026283|5|5.1300|25.6500
D|532022448|10040281|8|6.4400|51.5200
D|532022448|10040282|8|6.4400|51.5200
D|532022448|10040283|8|6.4400|51.5200
D|532022448|10041281|6|6.2300|37.3800
D|532022448|10041282|15|6.2300|93.4500
D|532022448|10041283|6|6.2300|37.3800
D|532022448|10041284|4|6.2300|24.9200
D|532022448|10064281|4|6.2300|24.9200
D|532022448|10064282|7|6.2300|43.6100
D|532022448|10064283|4|6.2300|24.9200
D|532022448|10069281|5|7.6300|38.1500
D|532022448|10069282|5|7.6300|38.1500
D|532022448|10069283|5|7.6300|38.1500
D|532022448|10140281|5|5.8300|29.1500
D|532022448|10140282|6|5.8300|34.9800
D|532022448|10140283|5|5.8300|29.1500
D|532022448|10225281|6|7.0300|42.1800
D|532022448|10225282|6|7.0300|42.1800
D|532022448|10225283|6|7.0300|42.1800
D|532022448|10273281|6|7.5600|45.3600
D|532022448|10273282|15|7.5600|113.4000
D|532022448|10273283|3|7.5600|22.6800
D|532022448|10290813|2|28.4600|56.9200
D|532022448|10290814|3|28.4600|85.3800
D|532022448|10290815|3|28.4600|85.3800
D|532022448|10290816|3|28.4600|85.3800
D|532022448|10296101|5|8.2700|41.3500
D|532022448|10296102|5|8.2700|41.3500
D|532022448|10296103|5|8.2700|41.3500
D|532022448|10296281|6|8.2700|49.6200
D|532022448|10296282|6|8.2700|49.6200
D|532022448|10296283|6|8.2700|49.6200
D|532022448|10298811|4|7.9200|31.6800
D|532022448|10298812|4|7.9200|31.6800
D|532022448|10298813|4|7.9200|31.6800
D|532022448|10338811|4|9.9600|39.8400
D|532022448|10338812|4|9.9600|39.8400
D|532022448|10338813|4|9.9600|39.8400
D|532022449|10010033|6|5.3200|31.9200
D|532022449|10012021|3|6.3400|19.0200
D|532022449|10012022|6|6.3400|38.0400
D|532022449|10012023|6|6.3400|38.0400
D|532022449|10012031|6|6.3400|38.0400
D|532022449|10012032|6|6.3400|38.0400
D|532022449|10012033|6|6.3400|38.0400
D|532022449|10012101|3|6.3400|19.0200
D|532022449|10012102|3|6.3400|19.0200
D|532022449|10012431|3|6.3400|19.0200
D|532022449|10012432|4|6.3400|25.3600
D|532022449|10012433|3|6.3400|19.0200
D|532022449|10026011|12|5.1300|61.5600
D|532022449|10026012|12|5.1300|61.5600
D|532022449|10026013|12|5.1300|61.5600
D|532022449|10026021|6|5.1300|30.7800
D|532022449|10026022|6|5.1300|30.7800
D|532022449|10026023|6|5.1300|30.7800
D|532022449|10026031|6|5.1300|30.7800
D|532022449|10026032|12|5.1300|61.5600
D|532022449|10026033|12|5.1300|61.5600
D|532022449|10026551|3|5.1300|15.3900
D|532022449|10026552|6|5.1300|30.7800
D|532022449|10026553|3|5.1300|15.3900
D|532022449|10026801|4|5.1300|20.5200
D|532022449|10026802|6|5.1300|30.7800
D|532022449|10026803|3|5.1300|15.3900
D|532022449|10029011|6|7.3400|44.0400
D|532022449|10029012|6|7.3400|44.0400
D|532022449|10029013|9|7.3400|66.0600
D|532022449|10029014|6|7.3400|44.0400
D|532022449|10029021|6|7.3400|44.0400
D|532022449|10029022|6|7.3400|44.0400
D|532022449|10029023|12|7.3400|88.0800
D|532022449|10029024|6|7.3400|44.0400
D|532022449|10029031|9|7.3400|66.0600
D|532022449|10029032|6|7.3400|44.0400
D|532022449|10029033|3|7.3400|22.0200
D|532022449|10029034|9|7.3400|66.0600
D|532022449|10040011|3|6.4400|19.3200
D|532022449|10040012|12|6.4400|77.2800
D|532022449|10040013|6|6.4400|38.6400
D|532022449|10040031|12|6.4400|77.2800
D|532022449|10040032|12|6.4400|77.2800
D|532022449|10040033|6|6.4400|38.6400
D|532022449|10040551|6|6.4400|38.6400
D|532022449|10040552|3|6.4400|19.3200
D|532022449|10040621|9|6.4400|57.9600
D|532022449|10040622|6|6.4400|38.6400
D|532022449|10040801|6|6.4400|38.6400
D|532022449|10040802|6|6.4400|38.6400
D|532022449|10040803|4|6.4400|25.7600
D|532022449|10041011|3|6.2300|18.6900
D|532022449|10041021|3|6.2300|18.6900
D|532022449|10041031|3|6.2300|18.6900
D|532022449|10045032|6|8.2400|49.4400
D|532022449|10051012|6|5.6900|34.1400
D|532022449|10051013|6|5.6900|34.1400
D|532022449|10051031|6|5.6900|34.1400
D|532022449|10051032|6|5.6900|34.1400
D|532022449|10051033|6|5.6900|34.1400
D|532022449|10051431|6|5.6900|34.1400
D|532022449|10051432|4|5.6900|22.7600
D|532022449|10051433|6|5.6900|34.1400
D|532022449|10051561|6|5.6900|34.1400
D|532022449|10051562|6|5.6900|34.1400
D|532022449|10051563|6|5.6900|34.1400
D|532022449|10051641|3|5.6900|17.0700
D|532022449|10051642|4|5.6900|22.7600
D|532022449|10051643|4|5.6900|22.7600
D|532022449|10051661|3|5.6900|17.0700
D|532022449|10051662|3|5.6900|17.0700
D|532022449|10051663|4|5.6900|22.7600
D|532022449|10054013|4|23.5200|94.0800
D|532022449|10054014|6|23.5200|141.1200
D|532022449|10054015|6|23.5200|141.1200
D|532022449|10054034|6|23.5200|141.1200
D|532022449|10054035|6|23.5200|141.1200
D|532022449|10054555|2|23.5200|47.0400
D|532022449|10054624|2|23.5200|47.0400
D|532022449|10054625|3|23.5200|70.5600
D|532022449|10056013|2|23.5200|47.0400
D|532022449|10056014|4|23.5200|94.0800
D|532022449|10056033|2|23.5200|47.0400
D|532022449|10056034|6|23.5200|141.1200
D|532022449|10056035|4|23.5200|94.0800
D|532022449|10056036|2|23.5200|47.0400
D|532022449|10056623|4|23.5200|94.0800
D|532022449|10056626|2|23.5200|47.0400
D|532022449|10058033|1|22.1100|22.1100
D|532022449|10058034|1|22.1100|22.1100
D|532022449|10060011|6|8.5500|51.3000
D|532022449|10060012|18|8.5500|153.9000
D|532022449|10060013|18|8.5500|153.9000
D|532022449|10060021|6|8.5500|51.3000
D|532022449|10060022|18|8.5500|153.9000
D|532022449|10060023|18|8.5500|153.9000
D|532022449|10060024|9|8.5500|76.9500
D|532022449|10060031|6|8.5500|51.3000
D|532022449|10060032|18|8.5500|153.9000
D|532022449|10060033|18|8.5500|153.9000
D|532022449|10060034|6|8.5500|51.3000
D|532022449|10061012|9|6.2300|56.0700
D|532022449|10061013|6|6.2300|37.3800
D|532022449|10061031|3|6.2300|18.6900
D|532022449|10061032|6|6.2300|37.3800
D|532022449|10061033|6|6.2300|37.3800
D|532022449|10061051|3|6.2300|18.6900
D|532022449|10061071|3|6.2300|18.6900
D|532022449|10061073|6|6.2300|37.3800
D|532022449|10061222|4|6.2300|24.9200
D|532022449|10061223|3|6.2300|18.6900
D|532022449|10061231|3|6.2300|18.6900
D|532022449|10061232|4|6.2300|24.9200
D|532022449|10061233|4|6.2300|24.9200
D|532022449|10061261|3|6.2300|18.6900
D|532022449|10062013|4|27.7400|110.9600
D|532022449|10062014|3|27.7400|83.2200
D|532022449|10062033|2|27.7400|55.4800
D|532022449|10062034|1|27.7400|27.7400
D|532022449|10062035|2|27.7400|55.4800
D|532022449|10062623|2|27.7400|55.4800
D|532022449|10062624|3|27.7400|83.2200
D|532022449|10062625|2|27.7400|55.4800
D|532022449|10069013|3|7.6300|22.8900
D|532022449|10069031|3|7.6300|22.8900
D|532022449|10069033|3|7.6300|22.8900
D|532022449|10069551|4|7.6300|30.5200
D|532022449|10069552|4|7.6300|30.5200
D|532022449|10069553|4|7.6300|30.5200
D|532022449|10069621|4|7.6300|30.5200
D|532022449|10071013|1|41.0100|41.0100
D|532022449|10071015|4|41.0100|164.0400
D|532022449|10071033|3|41.0100|123.0300
D|532022449|10071034|2|41.0100|82.0200
D|532022449|10071035|4|41.0100|164.0400
D|532022449|10071103|1|41.0100|41.0100
D|532022449|10071105|2|41.0100|82.0200
D|532022449|10071435|1|41.0100|41.0100
D|532022449|10071803|1|41.0100|41.0100
D|532022449|10071805|1|41.0100|41.0100
D|532022449|10112015|2|38.1400|76.2800
D|532022449|10112016|2|38.1400|76.2800
D|532022449|10112017|2|38.1400|76.2800
D|532022449|10112035|2|38.1400|76.2800
D|532022449|10112036|4|38.1400|152.5600
D|532022449|10112037|2|38.1400|76.2800
D|532022449|10112627|1|38.1400|38.1400
D|532022449|10116014|2|20.4700|40.9400
D|532022449|10116015|3|20.4700|61.4100
D|532022449|10116016|4|20.4700|81.8800
D|532022449|10116017|2|20.4700|40.9400
D|532022449|10116034|2|20.4700|40.9400
D|532022449|10116035|3|20.4700|61.4100
D|532022449|10116036|4|20.4700|81.8800
D|532022449|10116038|1|20.4700|20.4700
D|532022449|10116625|2|20.4700|40.9400
D|532022449|10140011|6|5.8300|34.9800
D|532022449|10140013|9|5.8300|52.4700
D|532022449|10140031|6|5.8300|34.9800
D|532022449|10140032|6|5.8300|34.9800
D|532022449|10140033|6|5.8300|34.9800
D|532022449|10140551|4|5.8300|23.3200
D|532022449|10140553|3|5.8300|17.4900
D|532022449|10140621|6|5.8300|34.9800
D|532022449|10140622|6|5.8300|34.9800
D|532022449|10140623|6|5.8300|34.9800
D|532022449|10140801|3|5.8300|17.4900
D|532022449|10140802|3|5.8300|17.4900
D|532022449|10140803|3|5.8300|17.4900
D|532022449|10153033|3|10.6700|32.0100
D|532022449|10153623|3|10.6700|32.0100
D|532022449|10155034|1|41.6200|41.6200
D|532022449|10155035|2|41.6200|83.2400
D|532022449|10156033|3|7.6500|22.9500
D|532022449|10156433|6|7.6500|45.9000
D|532022449|10156803|3|7.6500|22.9500
D|532022449|10165014|2|46.6100|93.2200
D|532022449|10165015|4|46.6100|186.4400
D|532022449|10165034|3|46.6100|139.8300
D|532022449|10165035|4|46.6100|186.4400
D|532022449|10165036|2|46.6100|93.2200
D|532022449|10165624|4|46.6100|186.4400
D|532022449|10165625|4|46.6100|186.4400
D|532022449|10165626|4|46.6100|186.4400
D|532022449|10165627|3|46.6100|139.8300
D|532022449|10185011|3|6.9400|20.8200
D|532022449|10185042|2|6.9400|13.8800
D|532022449|10185091|3|6.9400|20.8200
D|532022449|10185092|2|6.9400|13.8800
D|532022449|10185121|3|6.9400|20.8200
D|532022449|10185122|2|6.9400|13.8800
D|532022449|10186094|1|32.0200|32.0200
D|532022449|10186126|1|32.0200|32.0200
D|532022449|10188011|6|5.7100|34.2600
D|532022449|10188012|24|5.7100|137.0400
D|532022449|10188013|24|5.7100|137.0400
D|532022449|10188014|6|5.7100|34.2600
D|532022449|10188031|9|5.7100|51.3900
D|532022449|10188032|12|5.7100|68.5200
D|532022449|10188033|18|5.7100|102.7800
D|532022449|10188034|6|5.7100|34.2600
D|532022449|10188551|3|5.7100|17.1300
D|532022449|10188552|9|5.7100|51.3900
D|532022449|10188553|9|5.7100|51.3900
D|532022449|10188554|3|5.7100|17.1300
D|532022449|10188621|3|5.7100|17.1300
D|532022449|10188622|12|5.7100|68.5200
D|532022449|10188623|12|5.7100|68.5200
D|532022449|10188624|6|5.7100|34.2600
D|532022449|10188801|4|5.7100|22.8400
D|532022449|10188802|9|5.7100|51.3900
D|532022449|10188803|3|5.7100|17.1300
D|532022449|10188804|3|5.7100|17.1300
D|532022449|10200012|6|7.2100|43.2600
D|532022449|10200013|9|7.2100|64.8900
D|532022449|10200031|6|7.2100|43.2600
D|532022449|10200032|6|7.2100|43.2600
D|532022449|10200033|6|7.2100|43.2600
D|532022449|10200051|3|7.2100|21.6300
D|532022449|10200053|3|7.2100|21.6300
D|532022449|10200092|4|7.2100|28.8400
D|532022449|10200093|3|7.2100|21.6300
D|532022449|10200181|3|7.2100|21.6300
D|532022449|10200182|3|7.2100|21.6300
D|532022449|10200183|3|7.2100|21.6300
D|532022449|10200431|3|7.2100|21.6300
D|532022449|10200432|3|7.2100|21.6300
D|532022449|10200433|3|7.2100|21.6300
D|532022449|10201012|3|6.8500|20.5500
D|532022449|10201013|4|6.8500|27.4000
D|532022449|10201043|3|6.8500|20.5500
D|532022449|10201092|3|6.8500|20.5500
D|532022449|10201123|4|6.8500|27.4000
D|532022449|10203011|6|6.7500|40.5000
D|532022449|10203013|6|6.7500|40.5000
D|532022449|10203031|6|6.7500|40.5000
D|532022449|10203032|6|6.7500|40.5000
D|532022449|10203033|6|6.7500|40.5000
D|532022449|10203562|6|6.7500|40.5000
D|532022449|10203563|3|6.7500|20.2500
D|532022449|10203652|3|6.7500|20.2500
D|532022449|10203653|3|6.7500|20.2500
D|532022449|10203662|6|6.7500|40.5000
D|532022449|10203663|3|6.7500|20.2500
D|532022449|10204035|2|26.6900|53.3800
D|532022449|10204036|2|26.6900|53.3800
D|532022449|10204565|2|26.6900|53.3800
D|532022449|10206021|1|50.5500|50.5500
D|532022449|10206022|2|50.5500|101.1000
D|532022449|10206023|2|50.5500|101.1000
D|532022449|10206031|2|50.5500|101.1000
D|532022449|10206034|1|50.5500|50.5500
D|532022449|10211562|3|6.1300|18.3900
D|532022449|10211652|3|6.1300|18.3900
D|532022449|10211662|3|6.1300|18.3900
D|532022449|10218014|4|30.9500|123.8000
D|532022449|10218015|2|30.9500|61.9000
D|532022449|10218033|2|30.9500|61.9000
D|532022449|10218034|3|30.9500|92.8500
D|532022449|10218035|1|30.9500|30.9500
D|532022449|10218214|2|30.9500|61.9000
D|532022449|10218215|2|30.9500|61.9000
D|532022449|10218554|1|30.9500|30.9500
D|532022449|10218555|1|30.9500|30.9500
D|532022449|10219012|3|6.7500|20.2500
D|532022449|10219032|3|6.7500|20.2500
D|532022449|10219033|3|6.7500|20.2500
D|532022449|10219552|3|6.7500|20.2500
D|532022449|10222015|3|28.8200|86.4600
D|532022449|10222035|2|28.8200|57.6400
D|532022449|10222435|1|28.8200|28.8200
D|532022449|10223013|4|6.9400|27.7600
D|532022449|10223032|3|6.9400|20.8200
D|532022449|10223033|4|6.9400|27.7600
D|532022449|10223433|4|6.9400|27.7600
D|532022449|10223552|3|6.9400|20.8200
D|532022449|10223553|3|6.9400|20.8200
D|532022449|10225212|4|7.0300|28.1200
D|532022449|10225232|4|7.0300|28.1200
D|532022449|10225233|2|7.0300|14.0600
D|532022449|10225262|3|7.0300|21.0900
D|532022449|10225263|2|7.0300|14.0600
D|532022449|10225332|3|7.0300|21.0900
D|532022449|10229032|6|18.2900|109.7400
D|532022449|10229033|3|18.2900|54.8700
D|532022449|10229034|3|18.2900|54.8700
D|532022449|10229622|4|18.2900|73.1600
D|532022449|10230031|3|16.6000|49.8000
D|532022449|10230032|4|16.6000|66.4000
D|532022449|10230033|3|16.6000|49.8000
D|532022449|10230621|3|16.6000|49.8000
D|532022449|10230622|4|16.6000|66.4000
D|532022449|10231034|3|14.9400|44.8200
D|532022449|10231622|3|14.9400|44.8200
D|532022449|10231623|3|14.9400|44.8200
D|532022449|10231624|3|14.9400|44.8200
D|532022449|10251561|3|7.3200|21.9600
D|532022449|10251563|3|7.3200|21.9600
D|532022449|10251651|3|7.3200|21.9600
D|532022449|10251653|4|7.3200|29.2800
D|532022449|10251661|3|7.3200|21.9600
D|532022449|10251663|3|7.3200|21.9600
D|532022449|10253011|3|7.3800|22.1400
D|532022449|10253032|4|7.3800|29.5200
D|532022449|10253033|4|7.3800|29.5200
D|532022449|10253092|4|7.3800|29.5200
D|532022449|10253093|3|7.3800|22.1400
D|532022449|10253622|4|7.3800|29.5200
D|532022449|10253623|3|7.3800|22.1400
D|532022449|10260012|6|10.6700|64.0200
D|532022449|10260013|4|10.6700|42.6800
D|532022449|10260014|6|10.6700|64.0200
D|532022449|10260622|6|10.6700|64.0200
D|532022449|10260623|6|10.6700|64.0200
D|532022449|10260624|4|10.6700|42.6800
D|532022449|10261014|2|22.4200|44.8400
D|532022449|10261015|6|22.4200|134.5200
D|532022449|10261016|2|22.4200|44.8400
D|532022449|10261624|2|22.4200|44.8400
D|532022449|10261625|6|22.4200|134.5200
D|532022449|10261626|3|22.4200|67.2600
D|532022449|10269021|1|28.0100|28.0100
D|532022449|10269022|2|28.0100|56.0200
D|532022449|10269023|2|28.0100|56.0200
D|532022449|10269024|2|28.0100|56.0200
D|532022449|10269031|1|28.0100|28.0100
D|532022449|10269032|2|28.0100|56.0200
D|532022449|10269033|3|28.0100|84.0300
D|532022449|10269034|2|28.0100|56.0200
D|532022449|10272034|1|27.7500|27.7500
D|532022449|10272044|2|27.7500|55.5000
D|532022449|10272045|1|27.7500|27.7500
D|532022449|10272046|1|27.7500|27.7500
D|532022449|10272434|1|27.7500|27.7500
D|532022449|10272435|1|27.7500|27.7500
D|532022449|10272436|1|27.7500|27.7500
D|532022449|10273011|3|7.5600|22.6800
D|532022449|10273012|3|7.5600|22.6800
D|532022449|10273013|9|7.5600|68.0400
D|532022449|10273031|4|7.5600|30.2400
D|532022449|10273032|12|7.5600|90.7200
D|532022449|10273033|15|7.5600|113.4000
D|532022449|10273041|9|7.5600|68.0400
D|532022449|10273042|12|7.5600|90.7200
D|532022449|10273043|12|7.5600|90.7200
D|532022449|10273431|3|7.5600|22.6800
D|532022449|10273432|9|7.5600|68.0400
D|532022449|10273433|12|7.5600|90.7200
D|532022449|10273551|3|7.5600|22.6800
D|532022449|10273553|6|7.5600|45.3600
D|532022449|10284031|1|45.0800|45.0800
D|532022449|10284032|2|45.0800|90.1600
D|532022449|10284034|1|45.0800|45.0800
D|532022449|10284621|2|45.0800|90.1600
D|532022449|10284624|1|45.0800|45.0800
D|532022449|10285031|1|40.9900|40.9900
D|532022449|10285034|1|40.9900|40.9900
D|532022449|10285623|2|40.9900|81.9800
D|532022449|10288011|12|8.0100|96.1200
D|532022449|10288012|6|8.0100|48.0600
D|532022449|10288031|12|8.0100|96.1200
D|532022449|10288032|6|8.0100|48.0600
D|532022449|10288432|6|8.0100|48.0600
D|532022449|10288551|3|8.0100|24.0300
D|532022449|10288552|3|8.0100|24.0300
D|532022449|10288553|3|8.0100|24.0300
D|532022449|10290013|3|28.4600|85.3800
D|532022449|10290014|3|28.4600|85.3800
D|532022449|10290016|3|28.4600|85.3800
D|532022449|10290033|3|28.4600|85.3800
D|532022449|10290034|3|28.4600|85.3800
D|532022449|10290035|4|28.4600|113.8400
D|532022449|10290036|3|28.4600|85.3800
D|532022449|10290803|2|28.4600|56.9200
D|532022449|10290804|4|28.4600|113.8400
D|532022449|10290805|4|28.4600|113.8400
D|532022449|10290813|4|28.4600|113.8400
D|532022449|10290814|4|28.4600|113.8400
D|532022449|10290815|4|28.4600|113.8400
D|532022449|10290816|4|28.4600|113.8400
D|532022449|10291012|6|11.7400|70.4400
D|532022449|10291013|3|11.7400|35.2200
D|532022449|10291032|6|11.7400|70.4400
D|532022449|10291033|6|11.7400|70.4400
D|532022449|10291802|4|11.7400|46.9600
D|532022449|10291803|3|11.7400|35.2200
D|532022449|10291811|6|11.7400|70.4400
D|532022449|10291812|12|11.7400|140.8800
D|532022449|10291813|12|11.7400|140.8800
D|532022449|10294014|2|41.6200|83.2400
D|532022449|10294015|2|41.6200|83.2400
D|532022449|10294016|1|41.6200|41.6200
D|532022449|10294034|2|41.6200|83.2400
D|532022449|10294035|3|41.6200|124.8600
D|532022449|10294036|2|41.6200|83.2400
D|532022449|10294037|1|41.6200|41.6200
D|532022449|10294557|1|41.6200|41.6200
D|532022449|10294817|1|41.6200|41.6200
D|532022449|10295032|6|6.4900|38.9400
D|532022449|10295033|4|6.4900|25.9600
D|532022449|10295102|3|6.4900|19.4700
D|532022449|10295103|4|6.4900|25.9600
D|532022449|10296032|4|8.2700|33.0800
D|532022449|10296033|4|8.2700|33.0800
D|532022449|10296443|2|8.2700|16.5400
D|532022449|10296552|2|8.2700|16.5400
D|532022449|10296553|2|8.2700|16.5400
D|532022449|10296802|3|8.2700|24.8100
D|532022449|10296803|2|8.2700|16.5400
D|532022449|10297035|2|27.7500|55.5000
D|532022449|10297445|1|27.7500|27.7500
D|532022449|10297555|1|27.7500|27.7500
D|532022449|10297805|1|27.7500|27.7500
D|532022449|10300032|3|12.0100|36.0300
D|532022449|10300033|3|12.0100|36.0300
D|532022449|10303015|1|29.3100|29.3100
D|532022449|10303095|1|29.3100|29.3100
D|532022449|10303625|1|29.3100|29.3100
D|532022449|10304011|2|8.9700|17.9400
D|532022449|10304012|2|8.9700|17.9400
D|532022449|10304013|3|8.9700|26.9100
D|532022449|10304091|2|8.9700|17.9400
D|532022449|10304621|2|8.9700|17.9400
D|532022449|10304623|3|8.9700|26.9100
D|532022449|10306032|3|8.0100|24.0300
D|532022449|10306033|3|8.0100|24.0300
D|532022449|10306122|3|8.0100|24.0300
D|532022449|10306123|2|8.0100|16.0200
D|532022449|10306603|3|8.0100|24.0300
D|532022449|10306802|3|8.0100|24.0300
D|532022449|10306803|3|8.0100|24.0300
D|532022449|10307035|1|29.8900|29.8900
D|532022449|10307123|1|29.8900|29.8900
D|532022449|10307124|1|29.8900|29.8900
D|532022449|10307126|1|29.8900|29.8900
D|532022449|10307604|1|29.8900|29.8900
D|532022449|10307803|1|29.8900|29.8900
D|532022449|10310031|2|70.1200|140.2400
D|532022449|10310032|1|70.1200|70.1200
D|532022449|10310034|1|70.1200|70.1200
D|532022449|10310621|1|70.1200|70.1200
D|532022449|10310624|1|70.1200|70.1200
D|532022449|10311031|2|57.4600|114.9200
D|532022449|10311032|1|57.4600|57.4600
D|532022449|10311034|1|57.4600|57.4600
D|532022449|10311621|2|57.4600|114.9200
D|532022449|10311623|2|57.4600|114.9200
D|532022449|10312624|2|62.3500|124.7000
D|532022449|10314031|4|8.1400|32.5600
D|532022449|10314032|6|8.1400|48.8400
D|532022449|10314033|3|8.1400|24.4200
D|532022449|10315032|4|10.3800|41.5200
D|532022449|10315033|3|10.3800|31.1400
D|532022449|10315432|4|10.3800|41.5200
D|532022449|10315802|6|10.3800|62.2800
D|532022449|10315803|3|10.3800|31.1400
D|532022449|10318012|4|9.4600|37.8400
D|532022449|10318013|3|9.4600|28.3800
D|532022449|10318092|4|9.4600|37.8400
D|532022449|10318093|2|9.4600|18.9200
D|532022449|10318622|4|9.4600|37.8400
D|532022449|10318623|3|9.4600|28.3800
D|532022449|10319031|3|9.2500|27.7500
D|532022449|10319032|3|9.2500|27.7500
D|532022449|10319033|3|9.2500|27.7500
D|532022449|10319034|6|9.2500|55.5000
D|532022449|10319431|3|9.2500|27.7500
D|532022449|10319434|3|9.2500|27.7500
D|532022449|10319801|4|9.2500|37.0000
D|532022449|10319804|3|9.2500|27.7500
D|532022449|10321032|6|8.1200|48.7200
D|532022449|10324013|2|33.0500|66.1000
D|532022449|10324014|2|33.0500|66.1000
D|532022449|10324015|2|33.0500|66.1000
D|532022449|10324016|2|33.0500|66.1000
D|532022449|10324033|2|33.0500|66.1000
D|532022449|10324034|4|33.0500|132.2000
D|532022449|10324035|4|33.0500|132.2000
D|532022449|10324036|4|33.0500|132.2000
D|532022449|10324433|2|33.0500|66.1000
D|532022449|10324434|4|33.0500|132.2000
D|532022449|10324435|4|33.0500|132.2000
D|532022449|10324436|4|33.0500|132.2000
D|532022449|10324623|2|33.0500|66.1000
D|532022449|10324624|2|33.0500|66.1000
D|532022449|10324625|2|33.0500|66.1000
D|532022449|10324626|2|33.0500|66.1000
D|532022449|10324803|2|33.0500|66.1000
D|532022449|10324804|4|33.0500|132.2000
D|532022449|10324805|4|33.0500|132.2000
D|532022449|10324806|4|33.0500|132.2000
D|532022449|10325012|12|20.7900|249.4800
D|532022449|10325013|12|20.7900|249.4800
D|532022449|10325014|12|20.7900|249.4800
D|532022449|10325032|6|20.7900|124.7400
D|532022449|10325033|6|20.7900|124.7400
D|532022449|10325034|6|20.7900|124.7400
D|532022449|10325552|4|20.7900|83.1600
D|532022449|10325553|4|20.7900|83.1600
D|532022449|10325554|2|20.7900|41.5800
D|532022449|10325622|6|20.7900|124.7400
D|532022449|10325623|6|20.7900|124.7400
D|532022449|10325624|6|20.7900|124.7400
D|532022449|10330011|4|12.1400|48.5600
D|532022449|10330012|6|12.1400|72.8400
D|532022449|10330013|6|12.1400|72.8400
D|532022449|10330031|4|12.1400|48.5600
D|532022449|10330032|6|12.1400|72.8400
D|532022449|10330033|6|12.1400|72.8400
D|532022449|10330431|4|12.1400|48.5600
D|532022449|10330432|6|12.1400|72.8400
D|532022449|10330621|4|12.1400|48.5600
D|532022449|10330622|6|12.1400|72.8400
D|532022449|10330623|6|12.1400|72.8400
D|532022449|10330801|4|12.1400|48.5600
D|532022449|10330802|6|12.1400|72.8400
D|532022449|10330803|6|12.1400|72.8400
D|532022449|10332034|3|16.4500|49.3500
D|532022449|10332436|3|16.4500|49.3500
D|532022449|10332805|3|16.4500|49.3500
D|532022449|10332806|2|16.4500|32.9000
D|532022449|10337013|1|27.8600|27.8600
D|532022449|10337033|3|27.8600|83.5800
D|532022449|10338013|3|9.9600|29.8800
D|532022449|10338031|3|9.9600|29.8800
D|532022449|10338032|3|9.9600|29.8800
D|532022449|10338033|3|9.9600|29.8800
D|532022449|10338802|3|9.9600|29.8800
D|532022449|10338803|4|9.9600|39.8400
D|532022449|10338812|4|9.9600|39.8400
D|532022449|10338813|2|9.9600|19.9200
D|532022449|10361041|6|7.9100|47.4600
D|532022449|10361042|12|7.9100|94.9200
D|532022449|10361043|12|7.9100|94.9200
D|532022449|10361561|6|7.9100|47.4600
D|532022449|10361562|12|7.9100|94.9200
D|532022449|10361563|12|7.9100|94.9200
D|532022449|10361651|6|7.9100|47.4600
D|532022449|10361652|12|7.9100|94.9200
D|532022449|10361653|12|7.9100|94.9200
D|532022449|10361661|6|7.9100|47.4600
D|532022449|10361662|12|7.9100|94.9200
D|532022449|10361663|12|7.9100|94.9200
D|532022449|10362041|6|7.2000|43.2000
D|532022449|10362042|12|7.2000|86.4000
D|532022449|10362043|12|7.2000|86.4000
D|532022449|10362561|6|7.2000|43.2000
D|532022449|10362562|12|7.2000|86.4000
D|532022449|10362563|12|7.2000|86.4000
D|532022449|10362651|6|7.2000|43.2000
D|532022449|10362652|12|7.2000|86.4000
D|532022449|10362653|12|7.2000|86.4000
D|532022449|10362661|6|7.2000|43.2000
D|532022449|10362662|12|7.2000|86.4000
D|532022449|10362663|12|7.2000|86.4000
D|532022449|10363043|4|20.7600|83.0400
D|532022449|10363044|4|20.7600|83.0400
D|532022449|10363045|4|20.7600|83.0400
D|532022449|10363046|4|20.7600|83.0400
D|532022449|10363563|4|20.7600|83.0400
D|532022449|10363564|4|20.7600|83.0400
D|532022449|10363565|4|20.7600|83.0400
D|532022449|10363566|4|20.7600|83.0400
D|532022449|10363653|4|20.7600|83.0400
D|532022449|10363654|4|20.7600|83.0400
D|532022449|10363655|4|20.7600|83.0400
D|532022449|10363656|4|20.7600|83.0400
D|532022449|10363663|4|20.7600|83.0400
D|532022449|10363664|4|20.7600|83.0400
D|532022449|10363665|4|20.7600|83.0400
D|532022449|10363666|4|20.7600|83.0400
D|532022450|10330011|3|12.1400|36.4200
D|532022450|10330012|6|12.1400|72.8400
D|532022450|10330013|6|12.1400|72.8400
D|532022450|10330031|3|12.1400|36.4200
D|532022450|10330032|6|12.1400|72.8400
D|532022450|10330033|6|12.1400|72.8400
D|532022450|10330431|3|12.1400|36.4200
D|532022450|10330432|6|12.1400|72.8400
D|532022450|10330433|6|12.1400|72.8400
D|532022450|10330621|3|12.1400|36.4200
D|532022450|10330622|6|12.1400|72.8400
D|532022450|10330623|6|12.1400|72.8400
D|532022450|10330801|3|12.1400|36.4200
D|532022450|10330802|6|12.1400|72.8400
D|532022450|10330803|6|12.1400|72.8400
D|532022450|10361041|3|7.9100|23.7300
D|532022450|10361042|6|7.9100|47.4600
D|532022450|10361043|6|7.9100|47.4600
D|532022450|10361561|3|7.9100|23.7300
D|532022450|10361562|6|7.9100|47.4600
D|532022450|10361563|6|7.9100|47.4600
D|532022450|10361651|3|7.9100|23.7300
D|532022450|10361652|6|7.9100|47.4600
D|532022450|10361653|6|7.9100|47.4600
D|532022450|10361661|3|7.9100|23.7300
D|532022450|10361662|6|7.9100|47.4600
D|532022450|10361663|6|7.9100|47.4600
D|532022450|10362041|3|7.2000|21.6000
D|532022450|10362042|6|7.2000|43.2000
D|532022450|10362043|6|7.2000|43.2000
D|532022450|10362561|3|7.2000|21.6000
D|532022450|10362562|6|7.2000|43.2000
D|532022450|10362563|6|7.2000|43.2000
D|532022450|10362651|3|7.2000|21.6000
D|532022450|10362652|6|7.2000|43.2000
D|532022450|10362653|6|7.2000|43.2000
D|532022450|10362661|3|7.2000|21.6000
D|532022450|10362662|6|7.2000|43.2000
D|532022450|10362663|6|7.2000|43.2000
D|532022450|10363043|2|20.7600|41.5200
D|532022450|10363044|2|20.7600|41.5200
D|532022450|10363045|2|20.7600|41.5200
D|532022450|10363046|2|20.7600|41.5200
D|532022450|10363563|2|20.7600|41.5200
D|532022450|10363564|2|20.7600|41.5200
D|532022450|10363565|2|20.7600|41.5200
D|532022450|10363566|2|20.7600|41.5200
D|532022450|10363653|2|20.7600|41.5200
D|532022450|10363654|2|20.7600|41.5200
D|532022450|10363655|2|20.7600|41.5200
D|532022450|10363656|2|20.7600|41.5200
D|532022450|10363663|2|20.7600|41.5200
D|532022450|10363664|2|20.7600|41.5200
D|532022450|10363665|2|20.7600|41.5200
D|532022450|10363666|2|20.7600|41.5200
D|532022451|10040282|12|6.4400|77.2800
D|532022451|10040283|12|6.4400|77.2800
D|532022451|10060012|3|8.5500|25.6500
D|532022451|10060013|4|8.5500|34.2000
D|532022451|10060022|3|8.5500|25.6500
D|532022451|10060023|4|8.5500|34.2000
D|532022451|10060032|4|8.5500|34.2000
D|532022451|10060033|4|8.5500|34.2000
D|532022451|10064032|6|6.2300|37.3800
D|532022451|10064033|8|6.2300|49.8400
D|532022451|10064222|3|6.2300|18.6900
D|532022451|10064223|3|6.2300|18.6900
D|532022451|10064262|3|6.2300|18.6900
D|532022451|10064263|3|6.2300|18.6900
D|532022451|10064282|12|6.2300|74.7600
D|532022451|10064283|12|6.2300|74.7600
D|532022451|10064622|3|6.2300|18.6900
D|532022451|10064623|3|6.2300|18.6900
D|532022451|10064802|2|6.2300|12.4600
D|532022451|10064803|5|6.2300|31.1500
D|532022451|10112036|3|38.1400|114.4200
D|532022451|10112806|1|38.1400|38.1400
D|532022451|10112807|2|38.1400|76.2800
D|532022451|10197021|1|21.1700|21.1700
D|532022451|10197023|3|21.1700|63.5100
D|532022451|10197024|2|21.1700|42.3400
D|532022451|10197031|2|21.1700|42.3400
D|532022451|10197034|2|21.1700|42.3400
D|532022451|10206021|1|50.5500|50.5500
D|532022451|10206022|4|50.5500|202.2000
D|532022451|10206023|2|50.5500|101.1000
D|532022451|10206031|2|50.5500|101.1000
D|532022451|10206032|4|50.5500|202.2000
D|532022451|10206033|2|50.5500|101.1000
D|532022451|10206034|2|50.5500|101.1000
D|532022451|10269023|2|28.0100|56.0200
D|532022451|10269024|4|28.0100|112.0400
D|532022451|10269033|2|28.0100|56.0200
D|532022451|10269034|3|28.0100|84.0300
D|532022451|10273282|12|7.5600|90.7200
D|532022451|10284032|2|45.0800|90.1600
D|532022451|10284033|2|45.0800|90.1600
D|532022451|10284034|4|45.0800|180.3200
D|532022451|10284622|1|45.0800|45.0800
D|532022451|10284623|2|45.0800|90.1600
D|532022451|10284624|4|45.0800|180.3200
D|532022451|10291032|2|11.7400|23.4800
D|532022451|10291033|4|11.7400|46.9600
D|532022451|10291802|1|11.7400|11.7400
D|532022451|10291803|2|11.7400|23.4800
D|532022451|10330033|1|12.1400|12.1400
D|532022451|10330433|1|12.1400|12.1400
D|532022451|10330803|1|12.1400|12.1400
D|532022451|10359807|1|38.9800|38.9800
D|532022451|10370035|2|36.9400|73.8800
D|532022451|10370036|2|36.9400|73.8800
D|532022452|10026282|12|5.1300|61.5600
D|532022452|10026283|12|5.1300|61.5600
D|532022452|10041282|12|6.2300|74.7600
D|532022452|10041283|10|6.2300|62.3000
D|532022452|10041284|10|6.2300|62.3000
D|532022452|10054033|10|23.5200|235.2000
D|532022452|10054034|15|23.5200|352.8000
D|532022452|10054035|10|23.5200|235.2000
D|532022452|10054036|6|23.5200|141.1200
D|532022452|10054623|6|23.5200|141.1200
D|532022452|10054624|12|23.5200|282.2400
D|532022452|10054625|6|23.5200|141.1200
D|532022452|10054626|4|23.5200|94.0800
D|532022452|10056013|4|23.5200|94.0800
D|532022452|10056014|4|23.5200|94.0800
D|532022452|10056015|4|23.5200|94.0800
D|532022452|10056033|10|23.5200|235.2000
D|532022452|10056034|15|23.5200|352.8000
D|532022452|10056035|10|23.5200|235.2000
D|532022452|10056036|6|23.5200|141.1200
D|532022452|10056623|6|23.5200|141.1200
D|532022452|10056624|12|23.5200|282.2400
D|532022452|10056625|6|23.5200|141.1200
D|532022452|10056626|4|23.5200|94.0800
D|532022452|10064282|9|6.2300|56.0700
D|532022452|10064283|6|6.2300|37.3800
D|532022452|10069281|9|7.6300|68.6700
D|532022452|10069282|12|7.6300|91.5600
D|532022452|10069283|9|7.6300|68.6700
D|532022452|10071013|2|41.0100|82.0200
D|532022452|10071014|3|41.0100|123.0300
D|532022452|10071015|3|41.0100|123.0300
D|532022452|10071016|3|41.0100|123.0300
D|532022452|10071033|6|41.0100|246.0600
D|532022452|10071034|6|41.0100|246.0600
D|532022452|10071035|6|41.0100|246.0600
D|532022452|10071036|6|41.0100|246.0600
D|532022452|10071433|2|41.0100|82.0200
D|532022452|10071434|2|41.0100|82.0200
D|532022452|10071435|2|41.0100|82.0200
D|532022452|10071436|2|41.0100|82.0200
D|532022452|10071803|2|41.0100|82.0200
D|532022452|10071804|3|41.0100|123.0300
D|532022452|10071805|3|41.0100|123.0300
D|532022452|10071806|3|41.0100|123.0300
D|532022452|10112014|6|38.1400|228.8400
D|532022452|10112015|6|38.1400|228.8400
D|532022452|10112016|6|38.1400|228.8400
D|532022452|10112017|6|38.1400|228.8400
D|532022452|10112034|12|38.1400|457.6800
D|532022452|10112035|12|38.1400|457.6800
D|532022452|10112036|12|38.1400|457.6800
D|532022452|10112037|12|38.1400|457.6800
D|532022452|10112624|10|38.1400|381.4000
D|532022452|10112625|10|38.1400|381.4000
D|532022452|10112626|10|38.1400|381.4000
D|532022452|10112627|10|38.1400|381.4000
D|532022452|10165014|6|46.6100|279.6600
D|532022452|10165015|6|46.6100|279.6600
D|532022452|10165016|6|46.6100|279.6600
D|532022452|10165017|6|46.6100|279.6600
D|532022452|10165034|12|46.6100|559.3200
D|532022452|10165035|12|46.6100|559.3200
D|532022452|10165036|12|46.6100|559.3200
D|532022452|10165037|10|46.6100|466.1000
D|532022452|10165624|10|46.6100|466.1000
D|532022452|10165625|10|46.6100|466.1000
D|532022452|10165626|10|46.6100|466.1000
D|532022452|10165627|10|46.6100|466.1000
D|532022452|10197021|12|21.1700|254.0400
D|532022452|10197022|18|21.1700|381.0600
D|532022452|10197023|18|21.1700|381.0600
D|532022452|10197024|18|21.1700|381.0600
D|532022452|10197031|12|21.1700|254.0400
D|532022452|10197032|18|21.1700|381.0600
D|532022452|10197033|18|21.1700|381.0600
D|532022452|10197034|18|21.1700|381.0600
D|532022452|10273281|5|7.5600|37.8000
D|532022452|10273282|10|7.5600|75.6000
D|532022452|10273283|8|7.5600|60.4800
D|532022452|10291281|4|11.7400|46.9600
D|532022452|10291282|9|11.7400|105.6600
D|532022452|10291283|6|11.7400|70.4400
D|532022452|10291811|6|11.7400|70.4400
D|532022452|10291812|9|11.7400|105.6600
D|532022452|10291813|6|11.7400|70.4400
D|532022452|10296281|6|8.2700|49.6200
D|532022452|10296282|10|8.2700|82.7000
D|532022452|10296283|9|8.2700|74.4300
D|532022453|10040012|3|6.4400|19.3200
D|532022453|10040013|3|6.4400|19.3200
D|532022453|10040031|3|6.4400|19.3200
D|532022453|10040032|7|6.4400|45.0800
D|532022453|10040033|3|6.4400|19.3200
D|532022453|10040073|1|6.4400|6.4400
D|532022453|10040101|1|6.4400|6.4400
D|532022453|10040102|1|6.4400|6.4400
D|532022453|10040103|2|6.4400|12.8800
D|532022453|10040263|1|6.4400|6.4400
D|532022453|10040553|2|6.4400|12.8800
D|532022453|10040623|2|6.4400|12.8800
D|532022453|10040801|1|6.4400|6.4400
D|532022453|10040802|3|6.4400|19.3200
D|532022453|10040803|3|6.4400|19.3200
D|532022453|10041013|2|6.2300|12.4600
D|532022453|10041023|1|6.2300|6.2300
D|532022453|10041024|2|6.2300|12.4600
D|532022453|10041032|1|6.2300|6.2300
D|532022453|10041034|1|6.2300|6.2300
D|532022453|10041094|1|6.2300|6.2300
D|532022453|10041802|2|6.2300|12.4600
D|532022453|10041803|1|6.2300|6.2300
D|532022453|10041804|1|6.2300|6.2300
D|532022453|10051223|1|5.6900|5.6900
D|532022453|10051433|1|5.6900|5.6900
D|532022453|10051563|1|5.6900|5.6900
D|532022453|10051643|1|5.6900|5.6900
D|532022453|10064032|1|6.2300|6.2300
D|532022453|10064033|2|6.2300|12.4600
D|532022453|10064262|1|6.2300|6.2300
D|532022453|10069012|1|7.6300|7.6300
D|532022453|10069033|1|7.6300|7.6300
D|532022453|10069213|1|7.6300|7.6300
D|532022453|10069222|1|7.6300|7.6300
D|532022453|10069622|1|7.6300|7.6300
D|532022453|10071035|1|41.0100|41.0100
D|532022453|10140102|1|5.8300|5.8300
D|532022453|10140552|2|5.8300|11.6600
D|532022453|10156013|1|7.6500|7.6500
D|532022453|10156032|2|7.6500|15.3000
D|532022453|10156033|1|7.6500|7.6500
D|532022453|10156432|2|7.6500|15.3000
D|532022453|10156433|1|7.6500|7.6500
D|532022453|10156802|2|7.6500|15.3000
D|532022453|10156803|1|7.6500|7.6500
D|532022453|10197022|2|21.1700|42.3400
D|532022453|10197023|2|21.1700|42.3400
D|532022453|10197032|3|21.1700|63.5100
D|532022453|10197033|2|21.1700|42.3400
D|532022453|10206022|2|50.5500|101.1000
D|532022453|10206032|3|50.5500|151.6500
D|532022453|10206033|2|50.5500|101.1000
D|532022453|10206034|1|50.5500|50.5500
D|532022453|10222554|1|28.8200|28.8200
D|532022453|10222804|1|28.8200|28.8200
D|532022453|10223012|2|6.9400|13.8800
D|532022453|10223013|1|6.9400|6.9400
D|532022453|10223032|3|6.9400|20.8200
D|532022453|10223033|2|6.9400|13.8800
D|532022453|10223431|1|6.9400|6.9400
D|532022453|10223432|2|6.9400|13.8800
D|532022453|10223433|2|6.9400|13.8800
D|532022453|10223551|2|6.9400|13.8800
D|532022453|10223552|2|6.9400|13.8800
D|532022453|10223553|2|6.9400|13.8800
D|532022453|10223801|1|6.9400|6.9400
D|532022453|10223802|2|6.9400|13.8800
D|532022453|10223803|1|6.9400|6.9400
D|532022453|10224214|1|25.6200|25.6200
D|532022453|10224234|1|25.6200|25.6200
D|532022453|10224335|1|25.6200|25.6200
D|532022453|10225231|1|7.0300|7.0300
D|532022453|10225232|2|7.0300|14.0600
D|532022453|10225262|2|7.0300|14.0600
D|532022453|10225263|1|7.0300|7.0300
D|532022453|10225281|2|7.0300|14.0600
D|532022453|10225282|2|7.0300|14.0600
D|532022453|10225283|2|7.0300|14.0600
D|532022453|10225331|1|7.0300|7.0300
D|532022453|10273031|1|7.5600|7.5600
D|532022453|10273032|2|7.5600|15.1200
D|532022453|10273042|2|7.5600|15.1200
D|532022453|10273432|2|7.5600|15.1200
D|532022453|10273433|1|7.5600|7.5600
D|532022453|10273551|1|7.5600|7.5600
D|532022453|10273552|1|7.5600|7.5600
D|532022453|10273553|1|7.5600|7.5600
D|532022453|10284031|1|45.0800|45.0800
D|532022453|10284032|2|45.0800|90.1600
D|532022453|10284033|3|45.0800|135.2400
D|532022453|10284034|2|45.0800|90.1600
D|532022453|10284624|2|45.0800|90.1600
D|532022453|10290016|2|28.4600|56.9200
D|532022453|10290806|2|28.4600|56.9200
D|532022453|10290814|2|28.4600|56.9200
D|532022453|10290815|2|28.4600|56.9200
D|532022453|10290816|1|28.4600|28.4600
D|532022453|10291033|1|11.7400|11.7400
D|532022453|10291803|1|11.7400|11.7400
D|532022453|10291811|2|11.7400|23.4800
D|532022453|10291812|3|11.7400|35.2200
D|532022453|10291813|3|11.7400|35.2200
D|532022453|10294034|1|41.6200|41.6200
D|532022453|10294035|2|41.6200|83.2400
D|532022453|10294554|1|41.6200|41.6200
D|532022453|10294555|1|41.6200|41.6200
D|532022453|10296032|2|8.2700|16.5400
D|532022453|10296033|3|8.2700|24.8100
D|532022453|10296101|2|8.2700|16.5400
D|532022453|10296102|2|8.2700|16.5400
D|532022453|10296103|2|8.2700|16.5400
D|532022453|10296443|1|8.2700|8.2700
D|532022453|10296552|1|8.2700|8.2700
D|532022453|10296553|2|8.2700|16.5400
D|532022453|10296802|2|8.2700|16.5400
D|532022453|10296803|2|8.2700|16.5400
D|532022453|10306031|1|8.0100|8.0100
D|532022453|10306033|2|8.0100|16.0200
D|532022453|10306121|1|8.0100|8.0100
D|532022453|10306602|1|8.0100|8.0100
D|532022453|10306603|1|8.0100|8.0100
D|532022453|10310031|3|70.1200|210.3600
D|532022453|10310032|5|70.1200|350.6000
D|532022453|10310033|5|70.1200|350.6000
D|532022453|10310034|4|70.1200|280.4800
D|532022453|10310621|2|70.1200|140.2400
D|532022453|10310622|5|70.1200|350.6000
D|532022453|10310623|5|70.1200|350.6000
D|532022453|10310624|4|70.1200|280.4800
D|532022453|10314032|1|8.1400|8.1400
D|532022453|10314122|1|8.1400|8.1400
D|532022453|10314602|1|8.1400|8.1400
D|532022453|10314802|1|8.1400|8.1400
D|532022453|10315013|2|10.3800|20.7600
D|532022453|10315033|3|10.3800|31.1400
D|532022453|10315622|2|10.3800|20.7600
D|532022453|10315623|2|10.3800|20.7600
D|532022453|10315802|2|10.3800|20.7600
D|532022453|10315803|2|10.3800|20.7600
D|532022454|10285031|6|40.9900|245.9400
D|532022454|10285032|6|40.9900|245.9400
D|532022454|10285621|3|40.9900|122.9700
D|532022454|10285622|3|40.9900|122.9700
D|532022454|10310031|9|70.1200|631.0800
D|532022454|10310032|6|70.1200|420.7200
D|532022454|10310033|3|70.1200|210.3600
D|532022454|10310621|3|70.1200|210.3600
D|532022454|10310622|6|70.1200|420.7200
D|532022454|10312031|6|62.3500|374.1000
D|532022454|10312032|6|62.3500|374.1000
D|532022454|10312621|6|62.3500|374.1000
D|532022454|10312622|6|62.3500|374.1000
D|532022454|10370035|1|36.9400|36.9400
D|532022454|10370036|2|36.9400|73.8800
D|532022455|10197021|6|21.1700|127.0200
D|532022455|10197022|9|21.1700|190.5300
D|532022455|10197023|9|21.1700|190.5300
D|532022455|10197024|6|21.1700|127.0200
D|532022455|10197031|6|21.1700|127.0200
D|532022455|10197032|9|21.1700|190.5300
D|532022455|10197033|9|21.1700|190.5300
D|532022455|10197034|6|21.1700|127.0200
D|532022455|10206021|3|50.5500|151.6500
D|532022455|10206022|3|50.5500|151.6500
D|532022455|10206023|3|50.5500|151.6500
D|532022455|10206031|3|50.5500|151.6500
D|532022455|10206032|3|50.5500|151.6500
D|532022455|10206033|3|50.5500|151.6500
D|532022455|10206034|3|50.5500|151.6500
D|532022455|10213021|3|21.1700|63.5100
D|532022455|10213022|3|21.1700|63.5100
D|532022455|10213023|3|21.1700|63.5100
D|532022455|10213024|3|21.1700|63.5100
D|532022455|10213031|3|21.1700|63.5100
D|532022455|10213032|3|21.1700|63.5100
D|532022455|10213033|3|21.1700|63.5100
D|532022455|10213034|3|21.1700|63.5100
D|532022455|10269021|4|28.0100|112.0400
D|532022455|10269022|6|28.0100|168.0600
D|532022455|10269023|9|28.0100|252.0900
D|532022455|10269024|6|28.0100|168.0600
D|532022455|10269031|4|28.0100|112.0400
D|532022455|10269032|6|28.0100|168.0600
D|532022455|10269033|9|28.0100|252.0900
D|532022455|10269034|6|28.0100|168.0600
D|532022455|10273011|6|7.5600|45.3600
D|532022455|10273012|6|7.5600|45.3600
D|532022455|10273013|6|7.5600|45.3600
D|532022455|10273031|6|7.5600|45.3600
D|532022455|10273032|6|7.5600|45.3600
D|532022455|10273033|6|7.5600|45.3600
D|532022455|10273041|6|7.5600|45.3600
D|532022455|10273042|6|7.5600|45.3600
D|532022455|10273043|6|7.5600|45.3600
D|532022455|10273431|6|7.5600|45.3600
D|532022455|10273432|6|7.5600|45.3600
D|532022455|10273433|6|7.5600|45.3600
D|532022455|10273551|6|7.5600|45.3600
D|532022455|10273552|6|7.5600|45.3600
D|532022455|10273553|6|7.5600|45.3600
D|532022455|10284031|6|45.0800|270.4800
D|532022455|10284032|6|45.0800|270.4800
D|532022455|10284033|6|45.0800|270.4800
D|532022455|10284034|6|45.0800|270.4800
D|532022455|10284621|6|45.0800|270.4800
D|532022455|10284622|6|45.0800|270.4800
D|532022455|10284623|6|45.0800|270.4800
D|532022455|10284624|6|45.0800|270.4800
D|532022455|10285031|4|40.9900|163.9600
D|532022455|10285032|6|40.9900|245.9400
D|532022455|10285033|6|40.9900|245.9400
D|532022455|10285034|4|40.9900|163.9600
D|532022455|10285622|6|40.9900|245.9400
D|532022455|10285623|6|40.9900|245.9400
D|532022455|10285624|4|40.9900|163.9600
D|532022455|10290013|4|28.4600|113.8400
D|532022455|10290014|4|28.4600|113.8400
D|532022455|10290015|4|28.4600|113.8400
D|532022455|10290016|4|28.4600|113.8400
D|532022455|10290033|5|28.4600|142.3000
D|532022455|10290034|5|28.4600|142.3000
D|532022455|10290035|5|28.4600|142.3000
D|532022455|10290036|5|28.4600|142.3000
D|532022455|10290803|4|28.4600|113.8400
D|532022455|10290804|4|28.4600|113.8400
D|532022455|10290805|4|28.4600|113.8400
D|532022455|10290806|4|28.4600|113.8400
D|532022455|10290813|4|28.4600|113.8400
D|532022455|10290814|4|28.4600|113.8400
D|532022455|10290815|4|28.4600|113.8400
D|532022455|10290816|4|28.4600|113.8400
D|532022455|10291011|9|11.7400|105.6600
D|532022455|10291012|9|11.7400|105.6600
D|532022455|10291013|9|11.7400|105.6600
D|532022455|10291031|9|11.7400|105.6600
D|532022455|10291032|9|11.7400|105.6600
D|532022455|10291033|9|11.7400|105.6600
D|532022455|10291801|9|11.7400|105.6600
D|532022455|10291802|9|11.7400|105.6600
D|532022455|10291803|9|11.7400|105.6600
D|532022455|10291811|9|11.7400|105.6600
D|532022455|10291812|9|11.7400|105.6600
D|532022455|10291813|9|11.7400|105.6600
D|532022455|10310031|6|70.1200|420.7200
D|532022455|10310032|8|70.1200|560.9600
D|532022455|10310033|8|70.1200|560.9600
D|532022455|10310034|8|70.1200|560.9600
D|532022455|10310621|6|70.1200|420.7200
D|532022455|10310622|8|70.1200|560.9600
D|532022455|10310623|8|70.1200|560.9600
D|532022455|10310624|8|70.1200|560.9600
D|532022455|10311031|3|57.4600|172.3800
D|532022455|10311032|3|57.4600|172.3800
D|532022455|10311033|3|57.4600|172.3800
D|532022455|10311034|3|57.4600|172.3800
D|532022455|10311621|3|57.4600|172.3800
D|532022455|10311622|3|57.4600|172.3800
D|532022455|10311623|3|57.4600|172.3800
D|532022455|10311624|3|57.4600|172.3800
D|532022455|10312031|4|62.3500|249.4000
D|532022455|10312032|6|62.3500|374.1000
D|532022455|10312033|8|62.3500|498.8000
D|532022455|10312034|6|62.3500|374.1000
D|532022455|10312621|4|62.3500|249.4000
D|532022455|10312622|6|62.3500|374.1000
D|532022455|10312623|8|62.3500|498.8000
D|532022455|10312624|6|62.3500|374.1000
D|532022455|10324013|1|33.0500|33.0500
D|532022455|10324014|1|33.0500|33.0500
D|532022455|10324015|1|33.0500|33.0500
D|532022455|10324016|1|33.0500|33.0500
D|532022455|10324033|1|33.0500|33.0500
D|532022455|10324034|1|33.0500|33.0500
D|532022455|10324035|1|33.0500|33.0500
D|532022455|10324036|1|33.0500|33.0500
D|532022455|10324433|1|33.0500|33.0500
D|532022455|10324434|1|33.0500|33.0500
D|532022455|10324435|1|33.0500|33.0500
D|532022455|10324436|1|33.0500|33.0500
D|532022455|10324623|1|33.0500|33.0500
D|532022455|10324624|1|33.0500|33.0500
D|532022455|10324625|1|33.0500|33.0500
D|532022455|10324626|1|33.0500|33.0500
D|532022455|10324803|1|33.0500|33.0500
D|532022455|10324804|1|33.0500|33.0500
D|532022455|10324805|1|33.0500|33.0500
D|532022455|10324806|1|33.0500|33.0500
D|532022455|10345031|3|11.0200|33.0600
D|532022455|10345032|3|11.0200|33.0600
D|532022455|10345033|3|11.0200|33.0600
D|532022455|10345621|3|11.0200|33.0600
D|532022455|10345622|3|11.0200|33.0600
D|532022455|10345623|3|11.0200|33.0600
D|532022455|10347012|6|11.0200|66.1200
D|532022455|10347013|6|11.0200|66.1200
D|532022455|10347032|6|11.0200|66.1200
D|532022455|10347033|6|11.0200|66.1200
D|532022455|10347621|6|11.0200|66.1200
D|532022455|10347622|6|11.0200|66.1200
D|532022455|10347623|6|11.0200|66.1200
D|532022455|10347802|2|11.0200|22.0400
D|532022455|10347803|2|11.0200|22.0400
D|532022455|10352011|3|16.5300|49.5900
D|532022455|10352012|3|16.5300|49.5900
D|532022455|10352013|3|16.5300|49.5900
D|532022455|10352014|3|16.5300|49.5900
D|532022455|10352031|3|16.5300|49.5900
D|532022455|10352032|3|16.5300|49.5900
D|532022455|10352033|3|16.5300|49.5900
D|532022455|10352034|3|16.5300|49.5900
D|532022455|10352621|3|16.5300|49.5900
D|532022455|10352622|3|16.5300|49.5900
D|532022455|10352623|3|16.5300|49.5900
D|532022455|10352624|3|16.5300|49.5900
D|532022455|10352801|2|16.5300|33.0600
D|532022455|10352802|2|16.5300|33.0600
D|532022455|10352803|2|16.5300|33.0600
D|532022455|10352804|2|16.5300|33.0600
D|532022455|10353011|3|18.6400|55.9200
D|532022455|10353012|3|18.6400|55.9200
D|532022455|10353013|3|18.6400|55.9200
D|532022455|10353014|3|18.6400|55.9200
D|532022455|10353031|6|18.6400|111.8400
D|532022455|10353032|6|18.6400|111.8400
D|532022455|10353033|6|18.6400|111.8400
D|532022455|10353034|6|18.6400|111.8400
D|532022455|10353621|6|18.6400|111.8400
D|532022455|10353622|6|18.6400|111.8400
D|532022455|10353623|6|18.6400|111.8400
D|532022455|10353624|6|18.6400|111.8400
D|532022455|10354011|2|17.8000|35.6000
D|532022455|10354012|2|17.8000|35.6000
D|532022455|10354013|2|17.8000|35.6000
D|532022455|10354014|2|17.8000|35.6000
D|532022455|10354031|3|17.8000|53.4000
D|532022455|10354032|3|17.8000|53.4000
D|532022455|10354033|3|17.8000|53.4000
D|532022455|10354034|3|17.8000|53.4000
D|532022455|10354621|3|17.8000|53.4000
D|532022455|10354622|3|17.8000|53.4000
D|532022455|10354623|3|17.8000|53.4000
D|532022455|10354624|3|17.8000|53.4000
D|532022455|10354801|2|17.8000|35.6000
D|532022455|10354802|2|17.8000|35.6000
D|532022455|10354804|2|17.8000|35.6000
D|532022455|10355011|3|26.2700|78.8100
D|532022455|10355012|3|26.2700|78.8100
D|532022455|10355013|3|26.2700|78.8100
D|532022455|10355014|3|26.2700|78.8100
D|532022455|10355031|6|26.2700|157.6200
D|532022455|10355032|9|26.2700|236.4300
D|532022455|10355033|9|26.2700|236.4300
D|532022455|10355034|6|26.2700|157.6200
D|532022455|10355621|6|26.2700|157.6200
D|532022455|10355622|9|26.2700|236.4300
D|532022455|10355623|9|26.2700|236.4300
D|532022455|10355624|6|26.2700|157.6200
D|532022455|10357031|3|62.7100|188.1300
D|532022455|10357032|3|62.7100|188.1300
D|532022455|10357033|3|62.7100|188.1300
D|532022455|10357034|3|62.7100|188.1300
D|532022455|10357622|3|62.7100|188.1300
D|532022455|10357623|3|62.7100|188.1300
D|532022455|10357624|3|62.7100|188.1300
D|532022455|10361041|2|7.9100|15.8200
D|532022455|10361042|2|7.9100|15.8200
D|532022455|10361043|2|7.9100|15.8200
D|532022455|10361561|2|7.9100|15.8200
D|532022455|10361562|2|7.9100|15.8200
D|532022455|10361563|2|7.9100|15.8200
D|532022455|10361651|2|7.9100|15.8200
D|532022455|10361652|2|7.9100|15.8200
D|532022455|10361653|2|7.9100|15.8200
D|532022455|10361661|2|7.9100|15.8200
D|532022455|10361662|2|7.9100|15.8200
D|532022455|10361663|2|7.9100|15.8200
D|532022455|10370013|1|36.9400|36.9400
D|532022455|10370014|1|36.9400|36.9400
D|532022455|10370015|1|36.9400|36.9400
D|532022455|10370016|1|36.9400|36.9400
D|532022455|10370033|1|36.9400|36.9400
D|532022455|10370034|1|36.9400|36.9400
D|532022455|10370035|1|36.9400|36.9400
D|532022455|10370036|1|36.9400|36.9400
D|532022455|10370623|1|36.9400|36.9400
D|532022455|10370624|1|36.9400|36.9400
D|532022455|10370625|1|36.9400|36.9400
D|532022455|10370626|1|36.9400|36.9400
D|532022455|10370803|1|36.9400|36.9400
D|532022455|10370804|1|36.9400|36.9400
D|532022455|10370805|1|36.9400|36.9400
D|532022455|10370806|1|36.9400|36.9400