F|2024-11-11|53
C|532022466|102437|05|precio9|10656.16|0.0000|10656.16|1918.11|12574.27|20|GENERADO|2024-11-11|53|0|0|0.0000
C|532022467|1012955|05|precio9|3715.07|0.0000|3715.07|668.71|4383.78|20|GENERADO|2024-11-11|53|0|0|0.0000
C|532022468|101958|05|precio9|9140.24|0.0000|9140.24|1645.24|10785.48|25|GENERADO|2024-11-11|53|0|0|0.0000
C|532022469|101011|05|precio9|1335.30|0.0000|1335.30|240.35|1575.65|8|GENERADO|2024-11-11|53|0|0|0.0000
C|532022470|1111444|05|precio9|1424.36|0.0000|1424.36|256.38|1680.74|10|GENERADO|2024-11-11|53|0|0|0.0000
C|532022471|1011261|05|precio9|8028.77|0.0000|8028.77|1445.18|9473.95|9|GENERADO|2024-11-11|53|0|0|0.0000
C|532022472|101383|05|precio9|1304.94|0.0000|1304.94|234.89|1539.83|16|GENERADO|2024-11-11|53|0|0|0.0000
D|532022466|10284031|4|45.0800|180.3200
D|532022466|10284032|6|45.0800|270.4800
D|532022466|10284033|6|45.0800|270.4800
D|532022466|10284034|6|45.0800|270.4800
D|532022466|10284621|4|45.0800|180.3200
D|532022466|10284622|6|45.0800|270.4800
D|532022466|10284623|6|45.0800|270.4800
D|532022466|10284624|6|45.0800|270.4800
D|532022466|10285032|4|40.9900|163.9600
D|532022466|10285033|4|40.9900|163.9600
D|532022466|10285034|4|40.9900|163.9600
D|532022466|10285622|4|40.9900|163.9600
D|532022466|10285623|4|40.9900|163.9600
D|532022466|10285624|4|40.9900|163.9600
D|532022466|10290813|4|28.4600|113.8400
D|532022466|10290814|4|28.4600|113.8400
D|532022466|10290815|6|28.4600|170.7600
D|532022466|10290816|6|28.4600|170.7600
D|532022466|10291811|6|11.7400|70.4400
D|532022466|10291812|9|11.7400|105.6600
D|532022466|10291813|9|11.7400|105.6600
D|532022466|10296101|6|8.2700|49.6200
D|532022466|10296102|9|8.2700|74.4300
D|532022466|10296103|9|8.2700|74.4300
D|532022466|10310031|4|70.1200|280.4800
D|532022466|10310032|9|70.1200|631.0800
D|532022466|10310033|12|70.1200|841.4400
D|532022466|10310034|12|70.1200|841.4400
D|532022466|10310621|4|70.1200|280.4800
D|532022466|10310622|9|70.1200|631.0800
D|532022466|10310623|12|70.1200|841.4400
D|532022466|10310624|12|70.1200|841.4400
D|532022466|10361041|6|7.9100|47.4600
D|532022466|10361042|9|7.9100|71.1900
D|532022466|10361043|9|7.9100|71.1900
D|532022466|10361561|6|7.9100|47.4600
D|532022466|10361562|9|7.9100|71.1900
D|532022466|10361563|9|7.9100|71.1900
D|532022466|10361651|6|7.9100|47.4600
D|532022466|10361652|9|7.9100|71.1900
D|532022466|10361653|9|7.9100|71.1900
D|532022466|10361661|6|7.9100|47.4600
D|532022466|10361662|9|7.9100|71.1900
D|532022466|10361663|9|7.9100|71.1900
D|532022466|10362041|6|7.2000|43.2000
D|532022466|10362042|9|7.2000|64.8000
D|532022466|10362043|9|7.2000|64.8000
D|532022466|10362561|6|7.2000|43.2000
D|532022466|10362562|9|7.2000|64.8000
D|532022466|10362563|9|7.2000|64.8000
D|532022466|10362651|6|7.2000|43.2000
D|532022466|10362652|9|7.2000|64.8000
D|532022466|10362653|9|7.2000|64.8000
D|532022466|10362661|6|7.2000|43.2000
D|532022466|10362662|9|7.2000|64.8000
D|532022466|10362663|9|7.2000|64.8000
D|532022467|10040101|3|6.4400|19.3200
D|532022467|10040102|6|6.4400|38.6400
D|532022467|10040103|6|6.4400|38.6400
D|532022467|10040283|6|6.4400|38.6400
D|532022467|10041102|3|6.2300|18.6900
D|532022467|10041103|3|6.2300|18.6900
D|532022467|10041104|3|6.2300|18.6900
D|532022467|10041282|6|6.2300|37.3800
D|532022467|10041283|6|6.2300|37.3800
D|532022467|10041284|6|6.2300|37.3800
D|532022467|10054015|4|23.5200|94.0800
D|532022467|10054035|4|23.5200|94.0800
D|532022467|10054625|6|23.5200|141.1200
D|532022467|10054626|4|23.5200|94.0800
D|532022467|10056014|2|23.5200|47.0400
D|532022467|10056015|3|23.5200|70.5600
D|532022467|10056034|2|23.5200|47.0400
D|532022467|10056035|3|23.5200|70.5600
D|532022467|10056624|2|23.5200|47.0400
D|532022467|10056625|3|23.5200|70.5600
D|532022467|10064282|3|6.2300|18.6900
D|532022467|10064283|3|6.2300|18.6900
D|532022467|10140102|3|5.8300|17.4900
D|532022467|10140103|3|5.8300|17.4900
D|532022467|10140282|6|5.8300|34.9800
D|532022467|10140283|6|5.8300|34.9800
D|532022467|10225281|6|7.0300|42.1800
D|532022467|10225282|12|7.0300|84.3600
D|532022467|10225283|12|7.0300|84.3600
D|532022467|10273281|3|7.5600|22.6800
D|532022467|10273282|6|7.5600|45.3600
D|532022467|10273283|6|7.5600|45.3600
D|532022467|10290034|2|28.4600|56.9200
D|532022467|10290035|3|28.4600|85.3800
D|532022467|10290804|2|28.4600|56.9200
D|532022467|10290805|2|28.4600|56.9200
D|532022467|10290813|1|28.4600|28.4600
D|532022467|10290814|3|28.4600|85.3800
D|532022467|10290815|5|28.4600|142.3000
D|532022467|10290816|6|28.4600|170.7600
D|532022467|10291811|6|11.7400|70.4400
D|532022467|10291812|12|11.7400|140.8800
D|532022467|10291813|12|11.7400|140.8800
D|532022467|10296101|6|8.2700|49.6200
D|532022467|10296102|9|8.2700|74.4300
D|532022467|10296103|12|8.2700|99.2400
D|532022467|10306122|6|8.0100|48.0600
D|532022467|10306123|9|8.0100|72.0900
D|532022467|10314032|6|8.1400|48.8400
D|532022467|10314033|4|8.1400|32.5600
D|532022467|10314122|6|8.1400|48.8400
D|532022467|10314601|2|8.1400|16.2800
D|532022467|10314602|4|8.1400|32.5600
D|532022467|10314801|3|8.1400|24.4200
D|532022467|10314802|4|8.1400|32.5600
D|532022467|10370014|1|36.9400|36.9400
D|532022467|10370015|2|36.9400|73.8800
D|532022467|10370016|2|36.9400|73.8800
D|532022467|10370034|1|36.9400|36.9400
D|532022467|10370035|2|36.9400|73.8800
D|532022467|10370036|2|36.9400|73.8800
D|532022467|10370624|1|36.9400|36.9400
D|532022467|10370625|2|36.9400|73.8800
D|532022467|10370626|2|36.9400|73.8800
D|532022468|10010012|2|5.3200|10.6400
D|532022468|10010013|2|5.3200|10.6400
D|532022468|10010032|2|5.3200|10.6400
D|532022468|10010033|2|5.3200|10.6400
D|532022468|10010042|3|5.3200|15.9600
D|532022468|10010043|3|5.3200|15.9600
D|532022468|10010261|1|5.3200|5.3200
D|532022468|10010292|2|5.3200|10.6400
D|532022468|10010293|2|5.3200|10.6400
D|532022468|10010622|2|5.3200|10.6400
D|532022468|10010623|2|5.3200|10.6400
D|532022468|10029012|3|7.3400|22.0200
D|532022468|10029013|4|7.3400|29.3600
D|532022468|10029014|3|7.3400|22.0200
D|532022468|10029022|3|7.3400|22.0200
D|532022468|10029023|4|7.3400|29.3600
D|532022468|10029024|3|7.3400|22.0200
D|532022468|10029032|3|7.3400|22.0200
D|532022468|10029033|4|7.3400|29.3600
D|532022468|10029034|3|7.3400|22.0200
D|532022468|10044014|1|21.3500|21.3500
D|532022468|10044015|2|21.3500|42.7000
D|532022468|10044016|3|21.3500|64.0500
D|532022468|10044017|1|21.3500|21.3500
D|532022468|10044024|2|21.3500|42.7000
D|532022468|10044025|2|21.3500|42.7000
D|532022468|10044026|3|21.3500|64.0500
D|532022468|10044027|1|21.3500|21.3500
D|532022468|10044034|1|21.3500|21.3500
D|532022468|10044035|2|21.3500|42.7000
D|532022468|10044036|3|21.3500|64.0500
D|532022468|10044037|1|21.3500|21.3500
D|532022468|10054013|2|23.5200|47.0400
D|532022468|10054014|2|23.5200|47.0400
D|532022468|10054015|2|23.5200|47.0400
D|532022468|10054016|1|23.5200|23.5200
D|532022468|10054033|2|23.5200|47.0400
D|532022468|10054034|2|23.5200|47.0400
D|532022468|10054035|2|23.5200|47.0400
D|532022468|10054036|1|23.5200|23.5200
D|532022468|10054553|1|23.5200|23.5200
D|532022468|10054554|1|23.5200|23.5200
D|532022468|10054555|1|23.5200|23.5200
D|532022468|10054556|1|23.5200|23.5200
D|532022468|10054623|2|23.5200|47.0400
D|532022468|10054624|2|23.5200|47.0400
D|532022468|10054625|2|23.5200|47.0400
D|532022468|10054626|1|23.5200|23.5200
D|532022468|10058013|1|22.1100|22.1100
D|532022468|10058014|1|22.1100|22.1100
D|532022468|10058015|1|22.1100|22.1100
D|532022468|10058033|1|22.1100|22.1100
D|532022468|10058034|1|22.1100|22.1100
D|532022468|10058035|1|22.1100|22.1100
D|532022468|10058093|1|22.1100|22.1100
D|532022468|10058094|1|22.1100|22.1100
D|532022468|10058095|1|22.1100|22.1100
D|532022468|10062014|1|27.7400|27.7400
D|532022468|10062015|1|27.7400|27.7400
D|532022468|10062016|1|27.7400|27.7400
D|532022468|10062034|1|27.7400|27.7400
D|532022468|10062035|1|27.7400|27.7400
D|532022468|10062036|1|27.7400|27.7400
D|532022468|10062624|1|27.7400|27.7400
D|532022468|10062625|1|27.7400|27.7400
D|532022468|10062626|1|27.7400|27.7400
D|532022468|10071014|1|41.0100|41.0100
D|532022468|10071015|1|41.0100|41.0100
D|532022468|10071016|1|41.0100|41.0100
D|532022468|10071034|1|41.0100|41.0100
D|532022468|10071035|2|41.0100|82.0200
D|532022468|10071036|2|41.0100|82.0200
D|532022468|10071104|1|41.0100|41.0100
D|532022468|10071105|1|41.0100|41.0100
D|532022468|10071106|2|41.0100|82.0200
D|532022468|10112014|1|38.1400|38.1400
D|532022468|10112015|1|38.1400|38.1400
D|532022468|10112016|1|38.1400|38.1400
D|532022468|10112034|1|38.1400|38.1400
D|532022468|10112035|1|38.1400|38.1400
D|532022468|10112036|1|38.1400|38.1400
D|532022468|10112624|1|38.1400|38.1400
D|532022468|10112625|2|38.1400|76.2800
D|532022468|10112626|2|38.1400|76.2800
D|532022468|10116015|2|20.4700|40.9400
D|532022468|10116016|2|20.4700|40.9400
D|532022468|10116017|1|20.4700|20.4700
D|532022468|10116035|2|20.4700|40.9400
D|532022468|10116036|2|20.4700|40.9400
D|532022468|10116037|1|20.4700|20.4700
D|532022468|10116624|2|20.4700|40.9400
D|532022468|10116625|2|20.4700|40.9400
D|532022468|10116626|2|20.4700|40.9400
D|532022468|10116627|1|20.4700|20.4700
D|532022468|10116806|2|20.4700|40.9400
D|532022468|10165034|1|46.6100|46.6100
D|532022468|10165035|1|46.6100|46.6100
D|532022468|10165036|1|46.6100|46.6100
D|532022468|10165037|1|46.6100|46.6100
D|532022468|10165624|1|46.6100|46.6100
D|532022468|10165625|1|46.6100|46.6100
D|532022468|10165626|1|46.6100|46.6100
D|532022468|10165627|1|46.6100|46.6100
D|532022468|10186044|2|32.0200|64.0400
D|532022468|10186045|2|32.0200|64.0400
D|532022468|10186094|2|32.0200|64.0400
D|532022468|10186095|2|32.0200|64.0400
D|532022468|10186124|2|32.0200|64.0400
D|532022468|10186125|2|32.0200|64.0400
D|532022468|10206023|1|50.5500|50.5500
D|532022468|10206024|1|50.5500|50.5500
D|532022468|10272014|1|27.7500|27.7500
D|532022468|10272015|1|27.7500|27.7500
D|532022468|10272034|1|27.7500|27.7500
D|532022468|10272035|1|27.7500|27.7500
D|532022468|10272036|1|27.7500|27.7500
D|532022468|10272044|1|27.7500|27.7500
D|532022468|10272045|1|27.7500|27.7500
D|532022468|10272046|1|27.7500|27.7500
D|532022468|10273011|3|7.5600|22.6800
D|532022468|10273012|3|7.5600|22.6800
D|532022468|10273013|3|7.5600|22.6800
D|532022468|10273031|3|7.5600|22.6800
D|532022468|10273032|3|7.5600|22.6800
D|532022468|10273033|3|7.5600|22.6800
D|532022468|10273041|2|7.5600|15.1200
D|532022468|10273042|2|7.5600|15.1200
D|532022468|10273043|2|7.5600|15.1200
D|532022468|10273431|2|7.5600|15.1200
D|532022468|10273432|2|7.5600|15.1200
D|532022468|10273551|2|7.5600|15.1200
D|532022468|10273552|2|7.5600|15.1200
D|532022468|10273553|2|7.5600|15.1200
D|532022468|10285623|2|40.9900|81.9800
D|532022468|10285624|2|40.9900|81.9800
D|532022468|10290014|1|28.4600|28.4600
D|532022468|10290015|1|28.4600|28.4600
D|532022468|10290033|1|28.4600|28.4600
D|532022468|10290034|2|28.4600|56.9200
D|532022468|10290035|2|28.4600|56.9200
D|532022468|10290036|1|28.4600|28.4600
D|532022468|10290803|1|28.4600|28.4600
D|532022468|10290804|1|28.4600|28.4600
D|532022468|10290805|1|28.4600|28.4600
D|532022468|10290806|1|28.4600|28.4600
D|532022468|10290813|1|28.4600|28.4600
D|532022468|10290814|2|28.4600|56.9200
D|532022468|10290815|2|28.4600|56.9200
D|532022468|10290816|1|28.4600|28.4600
D|532022468|10291012|3|11.7400|35.2200
D|532022468|10291013|3|11.7400|35.2200
D|532022468|10291032|3|11.7400|35.2200
D|532022468|10291033|3|11.7400|35.2200
D|532022468|10291812|6|11.7400|70.4400
D|532022468|10291813|6|11.7400|70.4400
D|532022468|10296032|3|8.2700|24.8100
D|532022468|10296033|3|8.2700|24.8100
D|532022468|10296102|5|8.2700|41.3500
D|532022468|10296103|5|8.2700|41.3500
D|532022468|10296552|2|8.2700|16.5400
D|532022468|10296553|2|8.2700|16.5400
D|532022468|10296802|2|8.2700|16.5400
D|532022468|10296803|2|8.2700|16.5400
D|532022468|10300032|3|12.0100|36.0300
D|532022468|10300033|3|12.0100|36.0300
D|532022468|10300802|3|12.0100|36.0300
D|532022468|10300803|3|12.0100|36.0300
D|532022468|10303013|1|29.3100|29.3100
D|532022468|10303014|1|29.3100|29.3100
D|532022468|10303015|1|29.3100|29.3100
D|532022468|10303093|1|29.3100|29.3100
D|532022468|10303094|2|29.3100|58.6200
D|532022468|10303095|2|29.3100|58.6200
D|532022468|10303623|2|29.3100|58.6200
D|532022468|10303624|2|29.3100|58.6200
D|532022468|10303625|2|29.3100|58.6200
D|532022468|10304012|3|8.9700|26.9100
D|532022468|10304013|3|8.9700|26.9100
D|532022468|10304092|3|8.9700|26.9100
D|532022468|10304093|3|8.9700|26.9100
D|532022468|10304622|3|8.9700|26.9100
D|532022468|10304623|3|8.9700|26.9100
D|532022468|10306032|3|8.0100|24.0300
D|532022468|10306033|3|8.0100|24.0300
D|532022468|10306122|3|8.0100|24.0300
D|532022468|10306123|3|8.0100|24.0300
D|532022468|10306602|3|8.0100|24.0300
D|532022468|10306603|3|8.0100|24.0300
D|532022468|10306802|3|8.0100|24.0300
D|532022468|10306803|3|8.0100|24.0300
D|532022468|10310623|1|70.1200|70.1200
D|532022468|10310624|1|70.1200|70.1200
D|532022468|10311623|1|57.4600|57.4600
D|532022468|10311624|1|57.4600|57.4600
D|532022468|10312623|1|62.3500|62.3500
D|532022468|10312624|1|62.3500|62.3500
D|532022468|10315032|3|10.3800|31.1400
D|532022468|10315033|3|10.3800|31.1400
D|532022468|10315432|3|10.3800|31.1400
D|532022468|10315433|3|10.3800|31.1400
D|532022468|10315622|3|10.3800|31.1400
D|532022468|10315623|3|10.3800|31.1400
D|532022468|10315802|3|10.3800|31.1400
D|532022468|10315803|3|10.3800|31.1400
D|532022468|10318012|2|9.4600|18.9200
D|532022468|10318013|2|9.4600|18.9200
D|532022468|10318092|2|9.4600|18.9200
D|532022468|10318093|2|9.4600|18.9200
D|532022468|10318622|2|9.4600|18.9200
D|532022468|10318623|2|9.4600|18.9200
D|532022468|10324035|1|33.0500|33.0500
D|532022468|10324036|1|33.0500|33.0500
D|532022468|10324625|1|33.0500|33.0500
D|532022468|10324626|1|33.0500|33.0500
D|532022468|10325033|2|20.7900|41.5800
D|532022468|10325034|3|20.7900|62.3700
D|532022468|10325623|2|20.7900|41.5800
D|532022468|10325624|3|20.7900|62.3700
D|532022468|10330032|3|12.1400|36.4200
D|532022468|10330033|3|12.1400|36.4200
D|532022468|10330432|3|12.1400|36.4200
D|532022468|10330433|3|12.1400|36.4200
D|532022468|10330622|3|12.1400|36.4200
D|532022468|10330623|3|12.1400|36.4200
D|532022468|10330802|3|12.1400|36.4200
D|532022468|10330803|3|12.1400|36.4200
D|532022468|10337013|1|27.8600|27.8600
D|532022468|10337014|1|27.8600|27.8600
D|532022468|10337015|1|27.8600|27.8600
D|532022468|10337016|1|27.8600|27.8600
D|532022468|10337033|1|27.8600|27.8600
D|532022468|10337034|2|27.8600|55.7200
D|532022468|10337035|2|27.8600|55.7200
D|532022468|10337036|1|27.8600|27.8600
D|532022468|10337803|1|27.8600|27.8600
D|532022468|10337804|1|27.8600|27.8600
D|532022468|10337805|1|27.8600|27.8600
D|532022468|10337806|1|27.8600|27.8600
D|532022468|10337813|1|27.8600|27.8600
D|532022468|10337814|2|27.8600|55.7200
D|532022468|10337815|2|27.8600|55.7200
D|532022468|10337816|1|27.8600|27.8600
D|532022468|10338011|2|9.9600|19.9200
D|532022468|10338012|2|9.9600|19.9200
D|532022468|10338013|2|9.9600|19.9200
D|532022468|10338031|2|9.9600|19.9200
D|532022468|10338032|2|9.9600|19.9200
D|532022468|10338033|2|9.9600|19.9200
D|532022468|10338801|2|9.9600|19.9200
D|532022468|10338802|2|9.9600|19.9200
D|532022468|10338803|2|9.9600|19.9200
D|532022468|10338811|2|9.9600|19.9200
D|532022468|10338812|2|9.9600|19.9200
D|532022468|10338813|2|9.9600|19.9200
D|532022468|10342625|2|34.3900|68.7800
D|532022468|10342626|2|34.3900|68.7800
D|532022468|10346624|2|33.3300|66.6600
D|532022468|10346625|2|33.3300|66.6600
D|532022468|10370035|1|36.9400|36.9400
D|532022468|10370036|1|36.9400|36.9400
D|532022468|10370625|1|36.9400|36.9400
D|532022468|10370626|1|36.9400|36.9400
D|532022469|10026282|6|5.1300|30.7800
D|532022469|10026283|6|5.1300|30.7800
D|532022469|10029013|6|7.3400|44.0400
D|532022469|10029022|6|7.3400|44.0400
D|532022469|10029023|6|7.3400|44.0400
D|532022469|10029033|6|7.3400|44.0400
D|532022469|10040012|6|6.4400|38.6400
D|532022469|10040013|6|6.4400|38.6400
D|532022469|10040032|6|6.4400|38.6400
D|532022469|10040033|6|6.4400|38.6400
D|532022469|10040102|6|6.4400|38.6400
D|532022469|10040103|6|6.4400|38.6400
D|532022469|10040281|6|6.4400|38.6400
D|532022469|10040282|6|6.4400|38.6400
D|532022469|10040283|6|6.4400|38.6400
D|532022469|10041282|6|6.2300|37.3800
D|532022469|10041283|6|6.2300|37.3800
D|532022469|10041284|6|6.2300|37.3800
D|532022469|10060024|6|8.5500|51.3000
D|532022469|10060034|6|8.5500|51.3000
D|532022469|10061032|6|6.2300|37.3800
D|532022469|10061052|6|6.2300|37.3800
D|532022469|10061222|6|6.2300|37.3800
D|532022469|10061262|6|6.2300|37.3800
D|532022469|10064281|6|6.2300|37.3800
D|532022469|10064282|6|6.2300|37.3800
D|532022469|10064283|6|6.2300|37.3800
D|532022469|10069281|6|7.6300|45.7800
D|532022469|10069282|6|7.6300|45.7800
D|532022469|10069283|6|7.6300|45.7800
D|532022469|10273281|6|7.5600|45.3600
D|532022469|10273282|6|7.5600|45.3600
D|532022469|10273283|6|7.5600|45.3600
D|532022470|10040012|2|6.4400|12.8800
D|532022470|10040013|2|6.4400|12.8800
D|532022470|10040032|3|6.4400|19.3200
D|532022470|10040033|3|6.4400|19.3200
D|532022470|10040072|2|6.4400|12.8800
D|532022470|10040102|2|6.4400|12.8800
D|532022470|10040103|2|6.4400|12.8800
D|532022470|10040222|2|6.4400|12.8800
D|532022470|10040223|2|6.4400|12.8800
D|532022470|10040282|3|6.4400|19.3200
D|532022470|10040283|3|6.4400|19.3200
D|532022470|10040552|2|6.4400|12.8800
D|532022470|10040553|2|6.4400|12.8800
D|532022470|10040622|1|6.4400|6.4400
D|532022470|10040623|2|6.4400|12.8800
D|532022470|10040802|1|6.4400|6.4400
D|532022470|10040803|1|6.4400|6.4400
D|532022470|10064012|2|6.2300|12.4600
D|532022470|10064013|2|6.2300|12.4600
D|532022470|10064032|3|6.2300|18.6900
D|532022470|10064033|3|6.2300|18.6900
D|532022470|10064102|2|6.2300|12.4600
D|532022470|10064103|2|6.2300|12.4600
D|532022470|10064222|2|6.2300|12.4600
D|532022470|10064223|2|6.2300|12.4600
D|532022470|10064262|2|6.2300|12.4600
D|532022470|10064263|2|6.2300|12.4600
D|532022470|10064282|3|6.2300|18.6900
D|532022470|10064283|3|6.2300|18.6900
D|532022470|10064622|3|6.2300|18.6900
D|532022470|10064623|3|6.2300|18.6900
D|532022470|10064802|2|6.2300|12.4600
D|532022470|10064803|2|6.2300|12.4600
D|532022470|10185012|3|6.9400|20.8200
D|532022470|10185013|3|6.9400|20.8200
D|532022470|10185042|3|6.9400|20.8200
D|532022470|10185043|3|6.9400|20.8200
D|532022470|10185092|6|6.9400|41.6400
D|532022470|10185093|6|6.9400|41.6400
D|532022470|10185122|3|6.9400|20.8200
D|532022470|10185123|3|6.9400|20.8200
D|532022470|10188032|2|5.7100|11.4200
D|532022470|10188554|2|5.7100|11.4200
D|532022470|10188624|2|5.7100|11.4200
D|532022470|10251562|3|7.3200|21.9600
D|532022470|10251563|3|7.3200|21.9600
D|532022470|10251642|3|7.3200|21.9600
D|532022470|10251643|3|7.3200|21.9600
D|532022470|10251652|3|7.3200|21.9600
D|532022470|10251653|3|7.3200|21.9600
D|532022470|10251662|3|7.3200|21.9600
D|532022470|10251663|3|7.3200|21.9600
D|532022470|10273012|2|7.5600|15.1200
D|532022470|10273013|2|7.5600|15.1200
D|532022470|10273032|3|7.5600|22.6800
D|532022470|10273033|2|7.5600|15.1200
D|532022470|10273043|2|7.5600|15.1200
D|532022470|10273282|3|7.5600|22.6800
D|532022470|10273283|3|7.5600|22.6800
D|532022470|10273432|3|7.5600|22.6800
D|532022470|10273433|2|7.5600|15.1200
D|532022470|10273552|2|7.5600|15.1200
D|532022470|10361042|3|7.9100|23.7300
D|532022470|10361043|3|7.9100|23.7300
D|532022470|10361562|3|7.9100|23.7300
D|532022470|10361563|3|7.9100|23.7300
D|532022470|10361652|3|7.9100|23.7300
D|532022470|10361653|3|7.9100|23.7300
D|532022470|10361662|3|7.9100|23.7300
D|532022470|10361663|3|7.9100|23.7300
D|532022470|10362042|3|7.2000|21.6000
D|532022470|10362043|3|7.2000|21.6000
D|532022470|10362562|3|7.2000|21.6000
D|532022470|10362563|3|7.2000|21.6000
D|532022470|10362652|3|7.2000|21.6000
D|532022470|10362653|3|7.2000|21.6000
D|532022470|10362662|3|7.2000|21.6000
D|532022470|10362663|3|7.2000|21.6000
D|532022471|10026012|12|5.1300|61.5600
D|532022471|10026281|6|5.1300|30.7800
D|532022471|10026282|9|5.1300|46.1700
D|532022471|10026283|9|5.1300|46.1700
D|532022471|10026552|3|5.1300|15.3900
D|532022471|10029012|6|7.3400|44.0400
D|532022471|10029014|3|7.3400|22.0200
D|532022471|10029022|6|7.3400|44.0400
D|532022471|10029023|6|7.3400|44.0400
D|532022471|10029024|2|7.3400|14.6800
D|532022471|10029033|5|7.3400|36.7000
D|532022471|10029034|3|7.3400|22.0200
D|532022471|10029092|2|7.3400|14.6800
D|532022471|10051012|6|5.6900|34.1400
D|532022471|10051013|6|5.6900|34.1400
D|532022471|10051032|3|5.6900|17.0700
D|532022471|10051033|6|5.6900|34.1400
D|532022471|10051223|3|5.6900|17.0700
D|532022471|10051432|3|5.6900|17.0700
D|532022471|10051433|6|5.6900|34.1400
D|532022471|10051563|3|5.6900|17.0700
D|532022471|10051643|3|5.6900|17.0700
D|532022471|10051663|3|5.6900|17.0700
D|532022471|10060012|5|8.5500|42.7500
D|532022471|10060013|6|8.5500|51.3000
D|532022471|10060022|2|8.5500|17.1000
D|532022471|10060023|2|8.5500|17.1000
D|532022471|10060032|2|8.5500|17.1000
D|532022471|10060033|2|8.5500|17.1000
D|532022471|10060292|2|8.5500|17.1000
D|532022471|10060293|2|8.5500|17.1000
D|532022471|10061012|2|6.2300|12.4600
D|532022471|10061032|2|6.2300|12.4600
D|532022471|10061033|3|6.2300|18.6900
D|532022471|10061052|2|6.2300|12.4600
D|532022471|10061053|3|6.2300|18.6900
D|532022471|10061072|2|6.2300|12.4600
D|532022471|10061073|3|6.2300|18.6900
D|532022471|10061222|2|6.2300|12.4600
D|532022471|10061223|3|6.2300|18.6900
D|532022471|10061233|3|6.2300|18.6900
D|532022471|10061262|2|6.2300|12.4600
D|532022471|10061263|3|6.2300|18.6900
D|532022471|10064281|6|6.2300|37.3800
D|532022471|10064282|9|6.2300|56.0700
D|532022471|10064283|9|6.2300|56.0700
D|532022471|10069012|2|7.6300|15.2600
D|532022471|10069013|2|7.6300|15.2600
D|532022471|10069032|3|7.6300|22.8900
D|532022471|10069033|3|7.6300|22.8900
D|532022471|10069212|2|7.6300|15.2600
D|532022471|10069213|2|7.6300|15.2600
D|532022471|10069222|2|7.6300|15.2600
D|532022471|10069223|2|7.6300|15.2600
D|532022471|10069262|2|7.6300|15.2600
D|532022471|10069263|2|7.6300|15.2600
D|532022471|10069282|9|7.6300|68.6700
D|532022471|10069283|9|7.6300|68.6700
D|532022471|10069552|3|7.6300|22.8900
D|532022471|10069553|3|7.6300|22.8900
D|532022471|10069622|3|7.6300|22.8900
D|532022471|10069623|3|7.6300|22.8900
D|532022471|10089012|6|10.8600|65.1600
D|532022471|10089022|4|10.8600|43.4400
D|532022471|10089032|2|10.8600|21.7200
D|532022471|10089432|2|10.8600|21.7200
D|532022471|10112014|1|38.1400|38.1400
D|532022471|10112015|2|38.1400|76.2800
D|532022471|10112016|2|38.1400|76.2800
D|532022471|10112035|3|38.1400|114.4200
D|532022471|10112036|3|38.1400|114.4200
D|532022471|10112624|2|38.1400|76.2800
D|532022471|10112625|3|38.1400|114.4200
D|532022471|10140011|3|5.8300|17.4900
D|532022471|10140012|4|5.8300|23.3200
D|532022471|10140013|4|5.8300|23.3200
D|532022471|10140032|3|5.8300|17.4900
D|532022471|10140033|4|5.8300|23.3200
D|532022471|10140072|3|5.8300|17.4900
D|532022471|10140101|2|5.8300|11.6600
D|532022471|10140102|3|5.8300|17.4900
D|532022471|10140103|3|5.8300|17.4900
D|532022471|10140281|6|5.8300|34.9800
D|532022471|10140282|9|5.8300|52.4700
D|532022471|10140283|9|5.8300|52.4700
D|532022471|10140551|3|5.8300|17.4900
D|532022471|10140552|3|5.8300|17.4900
D|532022471|10140553|3|5.8300|17.4900
D|532022471|10140621|3|5.8300|17.4900
D|532022471|10140622|4|5.8300|23.3200
D|532022471|10140623|4|5.8300|23.3200
D|532022471|10140801|2|5.8300|11.6600
D|532022471|10140802|3|5.8300|17.4900
D|532022471|10140803|2|5.8300|11.6600
D|532022471|10200031|3|7.2100|21.6300
D|532022471|10200032|3|7.2100|21.6300
D|532022471|10200033|6|7.2100|43.2600
D|532022471|10200051|2|7.2100|14.4200
D|532022471|10200053|3|7.2100|21.6300
D|532022471|10200091|2|7.2100|14.4200
D|532022471|10200092|2|7.2100|14.4200
D|532022471|10200093|3|7.2100|21.6300
D|532022471|10200181|2|7.2100|14.4200
D|532022471|10200182|2|7.2100|14.4200
D|532022471|10200183|3|7.2100|21.6300
D|532022471|10200431|2|7.2100|14.4200
D|532022471|10200433|6|7.2100|43.2600
D|532022471|10231033|3|14.9400|44.8200
D|532022471|10231034|4|14.9400|59.7600
D|532022471|10231623|3|14.9400|44.8200
D|532022471|10231624|2|14.9400|29.8800
D|532022471|10273011|4|7.5600|30.2400
D|532022471|10273013|4|7.5600|30.2400
D|532022471|10273031|6|7.5600|45.3600
D|532022471|10273032|6|7.5600|45.3600
D|532022471|10273033|9|7.5600|68.0400
D|532022471|10273041|6|7.5600|45.3600
D|532022471|10273042|6|7.5600|45.3600
D|532022471|10273043|9|7.5600|68.0400
D|532022471|10273281|6|7.5600|45.3600
D|532022471|10273282|9|7.5600|68.0400
D|532022471|10273283|9|7.5600|68.0400
D|532022471|10273431|6|7.5600|45.3600
D|532022471|10273432|4|7.5600|30.2400
D|532022471|10273433|6|7.5600|45.3600
D|532022471|10273551|6|7.5600|45.3600
D|532022471|10273552|4|7.5600|30.2400
D|532022471|10273553|6|7.5600|45.3600
D|532022471|10290015|2|28.4600|56.9200
D|532022471|10290035|3|28.4600|85.3800
D|532022471|10290804|2|28.4600|56.9200
D|532022471|10290805|3|28.4600|85.3800
D|532022471|10290814|2|28.4600|56.9200
D|532022471|10290815|2|28.4600|56.9200
D|532022471|10290816|2|28.4600|56.9200
D|532022471|10291012|2|11.7400|23.4800
D|532022471|10291013|3|11.7400|35.2200
D|532022471|10291032|4|11.7400|46.9600
D|532022471|10291033|3|11.7400|35.2200
D|532022471|10291802|4|11.7400|46.9600
D|532022471|10291803|3|11.7400|35.2200
D|532022471|10291812|2|11.7400|23.4800
D|532022471|10291813|2|11.7400|23.4800
D|532022471|10297034|3|27.7500|83.2500
D|532022471|10297035|3|27.7500|83.2500
D|532022471|10297444|3|27.7500|83.2500
D|532022471|10297445|3|27.7500|83.2500
D|532022471|10297554|2|27.7500|55.5000
D|532022471|10297555|2|27.7500|55.5000
D|532022471|10297804|3|27.7500|83.2500
D|532022471|10297805|3|27.7500|83.2500
D|532022471|10304012|2|8.9700|17.9400
D|532022471|10304013|3|8.9700|26.9100
D|532022471|10304092|2|8.9700|17.9400
D|532022471|10304093|3|8.9700|26.9100
D|532022471|10304621|2|8.9700|17.9400
D|532022471|10304622|2|8.9700|17.9400
D|532022471|10304623|3|8.9700|26.9100
D|532022471|10313031|2|8.6200|17.2400
D|532022471|10313032|3|8.6200|25.8600
D|532022471|10313121|3|8.6200|25.8600
D|532022471|10313122|3|8.6200|25.8600
D|532022471|10313123|3|8.6200|25.8600
D|532022471|10313601|3|8.6200|25.8600
D|532022471|10313602|2|8.6200|17.2400
D|532022471|10313801|3|8.6200|25.8600
D|532022471|10313802|3|8.6200|25.8600
D|532022471|10315013|2|10.3800|20.7600
D|532022471|10315031|2|10.3800|20.7600
D|532022471|10315033|2|10.3800|20.7600
D|532022471|10315431|2|10.3800|20.7600
D|532022471|10315432|3|10.3800|31.1400
D|532022471|10315433|2|10.3800|20.7600
D|532022471|10315621|2|10.3800|20.7600
D|532022471|10315622|2|10.3800|20.7600
D|532022471|10315802|2|10.3800|20.7600
D|532022471|10315803|2|10.3800|20.7600
D|532022471|10324014|1|33.0500|33.0500
D|532022471|10324015|1|33.0500|33.0500
D|532022471|10324016|1|33.0500|33.0500
D|532022471|10324034|2|33.0500|66.1000
D|532022471|10324035|2|33.0500|66.1000
D|532022471|10324036|2|33.0500|66.1000
D|532022471|10324434|2|33.0500|66.1000
D|532022471|10324435|2|33.0500|66.1000
D|532022471|10324436|2|33.0500|66.1000
D|532022471|10324624|2|33.0500|66.1000
D|532022471|10324625|2|33.0500|66.1000
D|532022471|10324626|2|33.0500|66.1000
D|532022471|10324804|1|33.0500|33.0500
D|532022471|10324805|2|33.0500|66.1000
D|532022471|10324806|2|33.0500|66.1000
D|532022471|10326034|4|19.2100|76.8400
D|532022471|10326124|2|19.2100|38.4200
D|532022471|10326125|2|19.2100|38.4200
D|532022471|10326605|2|19.2100|38.4200
D|532022471|10326805|2|19.2100|38.4200
D|532022471|10332035|3|16.4500|49.3500
D|532022471|10332036|2|16.4500|32.9000
D|532022471|10332435|2|16.4500|32.9000
D|532022471|10332624|3|16.4500|49.3500
D|532022471|10332806|3|16.4500|49.3500
D|532022471|10359014|1|38.9800|38.9800
D|532022471|10359016|3|38.9800|116.9400
D|532022471|10359035|2|38.9800|77.9600
D|532022471|10359036|1|38.9800|38.9800
D|532022471|10359037|3|38.9800|116.9400
D|532022471|10359624|3|38.9800|116.9400
D|532022471|10359625|3|38.9800|116.9400
D|532022471|10359627|2|38.9800|77.9600
D|532022472|10243031|3|51.2300|153.6900
D|532022472|10243032|3|51.2300|153.6900
D|532022472|10243034|3|51.2300|153.6900
D|532022472|10243621|3|51.2300|153.6900
D|532022472|10243622|3|51.2300|153.6900
D|532022472|10243624|3|51.2300|153.6900
D|532022472|10251563|3|7.3200|21.9600
D|532022472|10251643|3|7.3200|21.9600
D|532022472|10251653|3|7.3200|21.9600
D|532022472|10251663|3|7.3200|21.9600
D|532022472|10273013|5|7.5600|37.8000
D|532022472|10273033|5|7.5600|37.8000
D|532022472|10273043|5|7.5600|37.8000
D|532022472|10273433|4|7.5600|30.2400
D|532022472|10273553|5|7.5600|37.8000
D|532022472|10329012|4|9.4600|37.8400
D|532022472|10329092|4|9.4600|37.8400
D|532022472|10329122|4|9.4600|37.8400